-0.13629800523320174
-0.09864898760660838
-0.10161072630531152
-0.12030406903285315
-0.12128425900338616
-0.09961475300329896
-0.08471223854457922
-0.09932038371615715
-0.22195644381364013
-0.15591895314168686
-0.1444072827077164
-0.1218595139463056
-0.2541831503111537
-0.18795467302382807
-0.17505415530034876
-0.31193239223678043
-0.3108946802230432
-0.13649759573673387
-0.1866211778623316
-0.28327262875974973
-0.2999433355142249
-0.13127423807335534
-0.17028099518421574
-0.21040942329705026
-1.532945193241297e-16
-0.003751297636602821
-0.12265679934566769
0.10892231935608951
-0.08804486828791454
0.15764782233788463
-0.10950195590469317
0.1411326598778052
-0.1634777813795537
0.08215746808634385
-0.18713037985359463
-0.20611747914650316
0.024326620996933137
-0.21272332675466799
-1.579789087022616e-16
-0.006143910098366943
-0.20162149279059047
-0.026736930940348996
-0.19330021873947845
-0.057695159244521586
-0.19198177795096572
-0.18927438648572054
-0.0859858459473511
-0.10061408002388894
-0.18722231958371854
-0.17669413146720178
-0.1568790448454231
-0.12771470599686494
-0.12310966540467783
-0.1180199108006745
-0.1462259618092575
-0.06987153808851819
-1.7725289668579005e-16
-0.0355617657959851
-1.5969018561232427e-16
-0.10703016744236649
0.037263153357326155
0.11155896645603651
0.11863794117964048
0.059449433226153835
