2087.605089474531
1062.46602240571
1000.8211090665553
900.7152017729172
765.9953144020506
601.8386566738343
414.55367688464986
211.33763177716858
6.633182815544665e-14
-211.33763177716844
-414.5536768846497
-601.8386566738341
-765.9953144020504
-900.7152017729173
-1000.8211090665553
-1062.46602240571
-1083.2809623416229
-1062.46602240571
-1000.8211090665554
-900.7152017729175
-765.9953144020507
-601.8386566738342
-414.5536768846504
-211.33763177716895
-1.9899548446633992e-13
211.33763177716855
414.55367688465003
601.838656673834
765.9953144020503
900.7152017729172
1000.821109066555
2086.4660224057097
1062.46602240571
75.95171960495654
71.54495545977858
64.38875879915462
54.758138247511084
43.02319315173341
29.63489087081931
15.107736353177891
4.741814144361262e-15
-15.10773635317788
-29.6348908708193
-43.02319315173338
-54.75813824751107
-64.38875879915463
-71.54495545977858
-75.95171960495654
-77.43970175993107
-75.95171960495654
-71.54495545977859
-64.38875879915463
-54.75813824751109
-43.0231931517334
-29.634890870819348
-15.107736353177918
-1.4225442433083785e-14
15.10773635317789
29.634890870819323
43.02319315173337
54.75813824751106
64.38875879915462
71.54495545977856
1080.2758467378644
1000.8211090665553
71.54495545977858
67.39387440291294
60.65288454766356
51.58103835377699
40.526961782934336
27.91545679855552
14.231176464576752
4.4666912549368436e-15
-14.231176464576741
-27.915456798555514
-40.52696178293431
-51.58103835377698
-60.65288454766357
-67.39387440291294
-71.54495545977858
-72.9466040011982
-71.54495545977858
-67.39387440291296
-60.652884547663575
-51.581038353777
-40.52696178293433
-27.915456798555557
-14.231176464576775
-1.3400073764810532e-14
14.23117646457675
27.915456798555535
40.5269617829343
51.581038353776975
60.65288454766356
67.39387440291293
1017.5975967513361
900.7152017729172
64.38875879915462
60.652884547663554
54.586153957535316
46.42170808308681
36.4733020005991
25.123247376691776
12.807720445377633
4.019915925534518e-15
-12.807720445377624
-25.12324737669177
-36.47330200059908
-46.421708083086806
-54.58615395753532
-60.652884547663554
-64.38875879915462
-65.6502091596261
-64.38875879915462
-60.65288454766356
-54.58615395753533
-46.42170808308682
-36.47330200059909
-25.123247376691808
-12.807720445377656
-1.2059747776603552e-14
12.807720445377631
25.123247376691786
36.47330200059907
46.4217080830868
54.586153957535316
60.65288454766354
915.813641796961
765.9953144020506
54.75813824751108
51.58103835377698
46.42170808308681
39.47841760435744
31.01799367684426
21.365565647421214
10.89207091211503
3.4186574815087236e-15
-10.892070912115022
-21.36556564742121
-31.01799367684424
-39.47841760435743
-46.42170808308682
-51.58103835377698
-54.75813824751108
-55.830913597111035
-54.75813824751108
-51.58103835377699
-46.42170808308683
-39.47841760435744
-31.017993676844252
-21.365565647421242
-10.892070912115049
-1.025597244452617e-14
10.892070912115027
21.365565647421224
31.017993676844235
39.478417604357425
46.42170808308681
51.581038353776975
778.8354821825358
601.8386566738343
43.0231931517334
40.52696178293433
36.4733020005991
31.01799367684426
24.37068125117955
16.78681721226751
8.557845202043584
2.686021947673752e-15
-8.557845202043579
-16.786817212267508
-24.370681251179533
-31.017993676844252
-36.473302000599105
-40.52696178293433
-43.0231931517334
-43.86606733539605
-43.0231931517334
-40.526961782934336
-36.47330200059911
-31.017993676844263
-24.370681251179544
-16.786817212267533
-8.5578452020436
-8.058065843021256e-15
8.557845202043584
16.78681721226752
24.37068125117953
31.01799367684425
36.4733020005991
40.52696178293432
611.9271117638061
414.55367688464986
29.63489087081931
27.91545679855552
25.123247376691776
21.365565647421217
16.786817212267515
11.56296080580192
5.894746300152486
1.8501640967281407e-15
-5.894746300152481
-11.562960805801916
-16.786817212267504
-21.365565647421214
-25.12324737669178
-27.91545679855552
-29.63489087081931
-30.21547270635578
-29.63489087081931
-27.915456798555525
-25.123247376691783
-21.36556564742122
-16.78681721226751
-11.562960805801936
-5.894746300152495
-5.550492290184423e-15
5.894746300152485
11.562960805801925
16.7868172122675
21.36556564742121
25.123247376691776
27.915456798555514
421.50272561267127
211.33763177716858
15.107736353177891
14.231176464576752
12.807720445377633
10.89207091211503
8.557845202043586
5.894746300152486
3.0051156037583366
9.432054771292462e-16
-3.0051156037583344
-5.894746300152484
-8.55784520204358
-10.892070912115027
-12.807720445377635
-14.231176464576752
-15.107736353177891
-15.403714406242562
-15.107736353177891
-14.231176464576754
-12.807720445377637
-10.892070912115031
-8.557845202043584
-5.894746300152494
-3.0051156037583415
-2.8296164313877387e-15
3.005115603758336
5.894746300152488
8.557845202043579
10.892070912115027
12.807720445377633
14.231176464576748
214.8802260976933
6.633182815544665e-14
4.741814144361261e-15
4.4666912549368436e-15
4.019915925534517e-15
3.418657481508723e-15
2.686021947673752e-15
1.8501640967281407e-15
9.432054771292462e-16
2.9604071503072577e-31
-9.432054771292457e-16
-1.8501640967281404e-15
-2.6860219476737504e-15
-3.4186574815087228e-15
-4.019915925534518e-15
-4.4666912549368436e-15
-4.741814144361261e-15
-4.8347117754578846e-15
-4.741814144361261e-15
-4.466691254936844e-15
-4.019915925534519e-15
-3.418657481508724e-15
-2.6860219476737516e-15
-1.850164096728143e-15
-9.432054771292478e-16
-8.881221450921773e-31
9.43205477129246e-16
1.8501640967281415e-15
2.68602194767375e-15
3.4186574815087224e-15
4.019915925534517e-15
4.466691254936843e-15
6.744373026070574e-14
-211.33763177716844
-15.10773635317788
-14.231176464576741
-12.807720445377624
-10.892070912115022
-8.557845202043579
-5.894746300152481
-3.0051156037583344
-9.432054771292457e-16
3.005115603758332
5.894746300152479
8.557845202043573
10.89207091211502
-0.0
-0.0
-0.0
-0.0
-0.0
-0.0
-0.0
-0.0
8.557845202043577
5.894746300152489
3.0051156037583393
2.8296164313877368e-15
-3.005115603758334
-5.894746300152484
-8.557845202043572
-10.892070912115019
-12.807720445377624
-14.231176464576738
-214.88022609769314
-414.5536768846497
-29.634890870819298
-27.91545679855551
-25.12324737669177
-21.36556564742121
-16.786817212267508
-11.562960805801916
-5.894746300152484
-1.8501640967281404e-15
5.894746300152479
11.562960805801913
16.786817212267497
-0.0
-0.0
-0.0
-0.0
-0.0
-0.0
-0.0
-0.0
-0.0
-0.0
11.56296080580193
5.894746300152494
5.55049229018442e-15
-5.894746300152483
-11.562960805801922
-16.786817212267493
-21.365565647421203
-25.12324737669177
-27.915456798555503
-421.50272561267116
-601.8386566738341
-43.02319315173339
-40.526961782934315
-36.473302000599084
-31.017993676844245
-24.370681251179537
-16.786817212267504
-8.55784520204358
-2.686021947673751e-15
8.557845202043575
16.7868172122675
24.370681251179523
-0.0
-0.0
-0.0
-0.0
-0.0
-0.0
-0.0
-0.0
-0.0
-0.0
-0.0
8.557845202043595
8.058065843021252e-15
-8.557845202043579
-16.78681721226751
-24.37068125117952
-31.017993676844235
-36.473302000599084
-40.5269617829343
-611.9271117638058
-765.9953144020504
-54.75813824751107
-51.58103835377698
-46.421708083086806
-39.47841760435743
-31.017993676844256
-21.365565647421214
-10.892070912115027
-3.418657481508723e-15
10.89207091211502
21.365565647421207
-0.0
-0.0
-0.0
-0.0
-0.0
-0.0
-0.0
-0.0
-0.0
-0.0
-0.0
-0.0
-0.0
1.0255972444526168e-14
-10.892070912115027
-21.36556564742122
-31.01799367684423
-39.47841760435742
-46.421708083086806
-51.58103835377697
-778.8354821825357
-900.7152017729173
-64.38875879915463
-60.65288454766357
-54.58615395753533
-46.42170808308683
-36.47330200059911
-25.123247376691783
-12.807720445377637
-4.019915925534519e-15
12.807720445377628
-0.0
-0.0
-0.0
-0.0
-0.0
-0.0
-0.0
-0.0
-0.0
-0.0
-0.0
-0.0
-0.0
-0.0
1.2059747776603555e-14
-12.807720445377635
-25.123247376691793
-36.473302000599084
-46.42170808308681
-54.58615395753533
-60.652884547663554
-915.8136417969611
-1000.8211090665553
-71.54495545977858
-67.39387440291294
-60.65288454766356
-51.58103835377699
-40.526961782934336
-27.91545679855552
-14.231176464576752
-4.4666912549368436e-15
-0.0
-0.0
-0.0
-0.0
-0.0
-0.0
-0.0
-0.0
-0.0
-0.0
-0.0
-0.0
-0.0
-0.0
-0.0
-0.0
-14.23117646457675
-27.915456798555535
-40.5269617829343
-51.581038353776975
-60.65288454766356
-67.39387440291293
-1017.5975967513361
-1062.46602240571
-75.95171960495654
-71.54495545977858
-64.38875879915462
-54.758138247511084
-43.02319315173341
-29.63489087081931
-15.107736353177891
-4.741814144361262e-15
-0.0
-0.0
-0.0
-0.0
-0.0
-0.0
-0.0
-0.0
-0.0
-0.0
-0.0
-0.0
-0.0
-0.0
-0.0
-0.0
-15.10773635317789
-29.634890870819323
-43.02319315173337
-54.75813824751106
-64.38875879915462
-71.54495545977856
-1080.2758467378644
-1083.2809623416229
-77.43970175993107
-72.9466040011982
-65.6502091596261
-55.830913597111035
-43.86606733539605
-30.21547270635578
-15.403714406242562
-4.8347117754578846e-15
-0.0
-0.0
-0.0
-0.0
-0.0
-0.0
-0.0
-0.0
-0.0
-0.0
-0.0
-0.0
-0.0
-0.0
-0.0
-0.0
-15.40371440624256
-30.21547270635579
-43.86606733539602
-55.83091359711102
-65.6502091596261
-72.94660400119818
-1101.439701759931
-1062.46602240571
-75.95171960495654
-71.54495545977858
-64.38875879915462
-54.758138247511084
-43.02319315173341
-29.63489087081931
-15.107736353177891
-4.741814144361262e-15
-0.0
-0.0
-0.0
-0.0
-0.0
-0.0
-0.0
-0.0
-0.0
-0.0
-0.0
-0.0
-0.0
-0.0
-0.0
-0.0
-15.10773635317789
-29.634890870819323
-43.02319315173337
-54.75813824751106
-64.38875879915462
-71.54495545977856
-1080.2758467378644
-1000.8211090665554
-71.54495545977858
-67.39387440291294
-60.65288454766356
-51.58103835377699
-40.526961782934336
-27.91545679855552
-14.231176464576752
-4.4666912549368436e-15
14.231176464576741
-0.0
-0.0
-0.0
-0.0
-0.0
-0.0
-0.0
-0.0
-0.0
-0.0
-0.0
-0.0
-0.0
-0.0
-0.0
-14.23117646457675
-27.915456798555535
-40.5269617829343
-51.581038353776975
-60.65288454766356
-67.39387440291293
-1017.5975967513364
-900.7152017729175
-64.38875879915463
-60.65288454766357
-54.58615395753533
-46.42170808308683
-36.47330200059911
-25.123247376691783
-12.807720445377637
-4.019915925534519e-15
12.807720445377628
-0.0
-0.0
-0.0
-0.0
-0.0
-0.0
-0.0
-0.0
-0.0
-0.0
-0.0
-0.0
-0.0
-0.0
1.2059747776603555e-14
-12.807720445377635
-25.123247376691793
-36.473302000599084
-46.42170808308681
-54.58615395753533
-60.652884547663554
-915.8136417969612
-765.9953144020507
-54.758138247511084
-51.58103835377699
-46.42170808308682
-39.47841760435744
-31.017993676844263
-21.365565647421217
-10.892070912115031
-3.418657481508724e-15
10.892070912115024
-0.0
-0.0
-0.0
-0.0
-0.0
-0.0
-0.0
-0.0
-0.0
-0.0
-0.0
-0.0
-0.0
-0.0
1.0255972444526171e-14
-10.89207091211503
-21.365565647421228
-31.017993676844238
-39.47841760435743
-46.42170808308682
-51.58103835377698
-778.8354821825359
-601.8386566738342
-43.023193151733395
-40.52696178293432
-36.47330200059909
-31.017993676844252
-24.370681251179544
-16.786817212267508
-8.557845202043582
-2.6860219476737516e-15
8.557845202043577
-0.0
-0.0
-0.0
-0.0
-0.0
-0.0
-0.0
-0.0
-0.0
-0.0
-0.0
-0.0
-0.0
-0.0
8.058065843021254e-15
-8.557845202043582
-16.78681721226752
-24.370681251179526
-31.017993676844245
-36.47330200059909
-40.526961782934315
-611.927111763806
-414.5536768846504
-29.634890870819348
-27.915456798555557
-25.12324737669181
-21.365565647421246
-16.786817212267536
-11.562960805801934
-5.894746300152494
-1.8501640967281435e-15
5.894746300152489
11.562960805801932
-0.0
-0.0
-0.0
-0.0
-0.0
-0.0
-0.0
-0.0
-0.0
-0.0
-0.0
-0.0
5.894746300152503
5.55049229018443e-15
-5.894746300152493
-11.56296080580194
-16.786817212267522
-21.36556564742124
-25.12324737669181
-27.91545679855555
-421.50272561267184
-211.33763177716895
-15.107736353177918
-14.231176464576775
-12.807720445377656
-10.892070912115049
-8.5578452020436
-5.894746300152495
-3.0051156037583415
-9.43205477129248e-16
3.0051156037583397
5.894746300152494
8.557845202043595
10.892070912115047
-0.0
-0.0
-0.0
-0.0
-0.0
-0.0
-0.0
-0.0
8.557845202043598
5.894746300152503
3.005115603758347
2.8296164313877435e-15
-3.005115603758341
-5.894746300152498
-8.557845202043593
-10.892070912115045
-12.807720445377656
-14.231176464576773
-214.88022609769368
-1.9899548446633992e-13
-1.4225442433083785e-14
-1.340007376481053e-14
-1.2059747776603552e-14
-1.025597244452617e-14
-8.058065843021256e-15
-5.550492290184423e-15
-2.8296164313877387e-15
-8.881221450921773e-31
2.8296164313877368e-15
5.550492290184421e-15
8.058065843021251e-15
1.0255972444526168e-14
1.2059747776603554e-14
1.340007376481053e-14
-0.0
-0.0
-0.0
-0.0
1.2059747776603555e-14
1.0255972444526171e-14
8.058065843021254e-15
5.55049229018443e-15
2.8296164313877435e-15
2.6643664352765317e-30
-2.8296164313877383e-15
-5.550492290184425e-15
-8.05806584302125e-15
-1.0255972444526166e-14
-1.2059747776603552e-14
-1.3400073764810527e-14
-2.0233119078211722e-13
211.33763177716855
15.10773635317789
14.23117646457675
12.807720445377633
10.89207091211503
8.557845202043584
5.894746300152485
3.005115603758336
9.432054771292462e-16
-3.005115603758334
-5.894746300152483
-8.557845202043579
-10.892070912115027
-12.807720445377635
-14.23117646457675
-15.10773635317789
-15.40371440624256
-15.10773635317789
-14.231176464576752
-12.807720445377637
-10.892070912115031
-8.557845202043582
-5.894746300152493
-3.005115603758341
-2.8296164313877383e-15
3.0051156037583358
5.894746300152487
8.557845202043577
10.892070912115026
12.807720445377633
14.231176464576746
214.88022609769328
414.55367688465003
29.63489087081932
27.91545679855553
25.123247376691786
21.365565647421224
16.78681721226752
11.562960805801923
5.894746300152487
1.8501640967281415e-15
-5.894746300152484
-11.56296080580192
-16.786817212267508
-21.36556564742122
-25.12324737669179
-27.91545679855553
-29.63489087081932
-30.21547270635579
-29.63489087081932
-27.915456798555535
-25.123247376691793
-21.365565647421228
-16.786817212267515
-11.56296080580194
-5.894746300152498
-5.550492290184424e-15
5.8947463001524865
11.562960805801929
16.786817212267504
21.365565647421217
25.123247376691786
27.915456798555525
421.5027256126715
601.838656673834
43.02319315173337
40.5269617829343
36.47330200059907
31.017993676844235
24.37068125117953
16.786817212267497
8.557845202043577
2.68602194767375e-15
-8.557845202043572
-16.786817212267493
-24.370681251179516
-31.017993676844227
-36.47330200059908
-40.5269617829343
-43.02319315173337
-43.86606733539602
-43.02319315173337
-40.5269617829343
-36.47330200059908
-31.017993676844238
-24.370681251179526
-16.786817212267522
-8.557845202043593
-8.05806584302125e-15
8.557845202043577
16.786817212267504
24.370681251179512
31.017993676844224
36.47330200059907
40.526961782934286
611.9271117638057
765.9953144020503
54.75813824751106
51.581038353776975
46.4217080830868
39.478417604357425
31.017993676844252
21.36556564742121
10.892070912115027
3.4186574815087224e-15
-10.892070912115019
-21.365565647421203
-31.017993676844235
-39.47841760435742
-46.421708083086806
-51.581038353776975
-54.75813824751106
-55.83091359711102
-54.75813824751106
-51.581038353776975
-46.42170808308681
-39.47841760435743
-31.017993676844245
-21.36556564742124
-10.892070912115045
-1.0255972444526166e-14
10.892070912115026
21.36556564742122
31.017993676844227
39.47841760435741
46.4217080830868
51.58103835377696
778.8354821825355
900.7152017729172
64.38875879915462
60.652884547663554
54.586153957535316
46.42170808308681
36.4733020005991
25.123247376691776
12.807720445377633
4.019915925534518e-15
-12.807720445377624
-25.12324737669177
-36.47330200059908
-46.421708083086806
-54.58615395753532
-60.652884547663554
-64.38875879915462
-65.6502091596261
-64.38875879915462
-60.65288454766356
-54.58615395753533
-46.42170808308682
-36.47330200059909
-25.123247376691808
-12.807720445377656
-1.2059747776603552e-14
12.807720445377631
25.123247376691786
36.47330200059907
46.4217080830868
54.586153957535316
60.65288454766354
915.813641796961
1000.821109066555
71.54495545977856
67.39387440291293
60.65288454766355
51.581038353776975
40.52696178293433
27.915456798555518
14.231176464576748
4.466691254936843e-15
-14.23117646457674
-27.915456798555507
-40.5269617829343
-51.58103835377697
-60.652884547663554
-67.39387440291293
-71.54495545977856
-72.94660400119818
-71.54495545977856
-67.39387440291294
-60.65288454766356
-51.58103835377699
-40.52696178293432
-27.915456798555553
-14.231176464576773
-1.3400073764810528e-14
14.231176464576746
27.915456798555528
40.52696178293429
51.58103835377696
60.65288454766355
67.39387440291291
1017.5975967513359
2086.4660224057097
1080.2758467378644
1017.5975967513361
915.813641796961
778.8354821825358
611.9271117638061
421.50272561267127
214.8802260976933
6.744373026070574e-14
-214.88022609769314
-421.50272561267116
-611.9271117638058
-778.8354821825357
-915.8136417969611
-1017.5975967513361
-1080.2758467378644
-1101.439701759931
-1080.2758467378644
-1017.5975967513364
-915.8136417969612
-778.8354821825359
-611.927111763806
-421.50272561267184
-214.88022609769368
-2.0233119078211722e-13
214.88022609769328
421.5027256126715
611.9271117638057
778.8354821825355
915.813641796961
1017.5975967513359
2084.5999738707724
