-0.13629800523320174
-0.11151877786001997
-0.09864898760660838
-0.09619340893619607
-0.10161072630531152
-0.11119217015497249
-0.12030406903285315
-0.12447293752473573
-0.12128425900338616
-0.11174400281421239
-0.09961475300329896
-0.08939338762978125
-0.08471223854457922
-0.08776328193052471
-0.09932038371615715
-0.11886287933574785
-0.17349786936110942
-0.15591895314168686
-0.1444072827077164
-0.1218595139463056
-0.22195644381364013
-0.2098888541129497
-0.1712466274840005
-0.1534252860058854
-0.2749639518325393
-0.2541831503111537
-0.17505415530034876
-0.28857885720777704
-0.18795467302382807
-0.18681527965651715
-0.31193239223678043
-0.3108946802230432
-0.17721527719480223
-0.1866211778623316
-0.3128934617020666
-0.31654111524460427
-0.13649759573673387
-0.16987200419469758
-0.28327262875974973
-0.2999433355142249
-0.07544094525236067
-0.13127423807335534
-0.23393498422542042
-0.26105429006752506
-0.07190704296350905
-0.17028099518421574
-0.21040942329705026
-1.532945193241297e-16
-0.003751297636602821
-0.16143997503063706
0.08883835821873494
0.05925085961834905
-0.12265679934566769
0.10892231935608951
-0.09438998872873544
-0.09783888907446357
0.1419691708986023
-0.08804486828791454
0.15764782233788463
-0.09263711580056314
0.15669104797917704
-0.09783835882372216
-0.10950195590469317
0.1411326598778052
-0.13491052063778122
0.11453563947461524
-0.1634777813795537
0.09687692989287561
0.08215746808634385
-0.18713037985359463
-0.1889192210853101
0.05031369335721354
-0.20611747914650316
0.024326620996933137
-0.21339975968453212
0.006111889385498371
-0.21272332675466799
-1.579789087022616e-16
-0.006143910098366943
-0.20770106563572485
-0.01600522786581878
-0.20162149279059047
-0.026736930940348996
-0.20022730903230795
-0.19656733677511243
-0.040389105997606624
-0.19330021873947845
-0.05541706314103842
-0.057695159244521586
-0.19198177795096572
-0.19138922360307126
-0.07824181243588348
-0.1898911794446748
-0.18927438648572054
-0.0859858459473511
-0.10061408002388894
-0.18722231958371854
-0.18335264027695392
-0.1180199108006745
-0.12162489671531482
-0.10541924742632529
-0.18317211678360776
-0.17669413146720178
-0.16556711021284728
-0.1568790448454231
-0.12771470599686494
-0.12310966540467783
-0.1255038339714876
-0.1462259618092575
-0.11474896476094498
-0.08903504549927795
-0.07770603257203497
-0.07604422823380882
-0.10703016744236649
-0.12269162677899209
-0.06987153808851819
-0.016175438738331768
-1.7725289668579005e-16
-0.0355617657959851
-1.5969018561232427e-16
0.037263153357326155
0.08172249656298182
0.09788606260303588
0.059449433226153835
0.09355058072149222
0.013072567784639076
0.11155896645603651
0.12407114498456114
0.11863794117964048
0.09622640352919715
