8231.51011610735
4135.224890731903
4075.3918295641542
3976.3105172419114
3838.935160966193
3664.588760514943
3454.9503670319427
3212.0389128464376
2938.193768051143
2636.0522110894194
2308.524030322186
1958.7635011753462
1590.1390087431382
1206.2006083983301
810.6458368183219
407.284102685662
2.5443466878372707e-13
-407.2841026856615
-810.6458368183213
-1206.2006083983295
-1590.1390087431378
-1958.7635011753457
-2308.5240303221844
-2636.052211089419
-2938.1937680511423
-3212.0389128464376
-3454.950367031943
-3664.5887605149424
-3838.935160966193
-3976.3105172419114
-4075.3918295641542
-4135.224890731903
-4155.233475658033
-4135.224890731903
-4075.3918295641542
-3976.310517241912
-3838.9351609661935
-3664.588760514943
-3454.9503670319436
-3212.038912846438
-2938.1937680511433
-2636.0522110894212
-2308.5240303221854
-1958.7635011753466
-1590.1390087431403
-1206.2006083983306
-810.6458368183232
-407.2841026856607
-7.633040063511813e-13
407.28410268565915
810.6458368183218
1206.200608398329
1590.139008743139
1958.7635011753453
2308.524030322184
2636.05221108942
2938.193768051142
3212.038912846436
3454.9503670319427
3664.588760514942
3838.935160966192
3976.3105172419114
4075.391829564154
8231.224890731903
4135.224890731903
78.19826848432297
77.06680842953344
75.19315288056463
72.59534616459742
69.29840658041215
65.33408545849507
60.740561378368575
55.56207248799999
49.848490466253544
43.65484023136031
37.040770020875925
30.069976946545903
22.809593556299163
15.329541311113086
7.701857203121292
4.811431316797907e-15
-7.701857203121282
-15.329541311113076
-22.809593556299152
-30.069976946545893
-37.04077002087592
-43.65484023136028
-49.84849046625354
-55.562072487999984
-60.740561378368575
-65.33408545849507
-69.29840658041215
-72.59534616459742
-75.19315288056463
-77.06680842953344
-78.19826848432297
-78.5766364660866
-78.19826848432297
-77.06680842953344
-75.19315288056464
-72.59534616459742
-69.29840658041215
-65.33408545849508
-60.74056137836858
-55.562072488
-49.84849046625358
-43.6548402313603
-37.04077002087593
-30.069976946545943
-22.809593556299173
-15.329541311113113
-7.701857203121267
-1.443429395039372e-14
7.7018572031212384
15.329541311113084
22.80959355629914
30.069976946545914
37.04077002087591
43.654840231360275
49.84849046625355
55.56207248799997
60.74056137836854
65.33408545849507
69.29840658041213
72.59534616459739
75.19315288056463
77.06680842953344
4154.474908933642
4075.3918295641542
77.06680842953345
75.95171960495654
74.10517420115056
71.54495545977858
68.29571968687794
64.38875879915462
59.861698965719455
54.758138247511084
49.12722672413591
43.02319315173341
36.50482271040998
29.63489087081931
22.479558832063407
15.107736353177891
7.590418114482498
4.741814144361262e-15
-7.590418114482488
-15.10773635317788
-22.479558832063397
-29.6348908708193
-36.504822710409975
-43.02319315173338
-49.1272267241359
-54.75813824751107
-59.861698965719455
-64.38875879915463
-68.29571968687793
-71.54495545977858
-74.10517420115056
-75.95171960495654
-77.06680842953344
-77.43970175993107
-77.06680842953345
-75.95171960495654
-74.10517420115056
-71.54495545977859
-68.29571968687794
-64.38875879915463
-59.86169896571946
-54.75813824751109
-49.127226724135944
-43.0231931517334
-36.50482271041
-29.634890870819348
-22.479558832063418
-15.107736353177918
-7.590418114482473
-1.4225442433083785e-14
7.590418114482445
15.10773635317789
22.479558832063386
29.634890870819323
36.50482271040997
43.02319315173337
49.127226724135916
54.75813824751106
59.86169896571942
64.38875879915462
68.29571968687793
71.54495545977856
74.10517420115056
75.95171960495652
4094.3633169611653
3976.3105172419114
75.19315288056464
74.10517420115056
72.30352218417048
69.80554772343109
66.63530767852106
62.82333319410234
58.406335668297125
53.42685320185538
47.932840932990935
41.97720920318558
35.61731400167681
28.914404595927493
21.933033667698023
14.74043563543282
7.405879150056621
4.626530709575132e-15
-7.405879150056611
-14.74043563543281
-21.93303366769801
-28.914404595927486
-35.617314001676796
-41.97720920318556
-47.93284093299093
-53.42685320185537
-58.406335668297125
-62.82333319410235
-66.63530767852104
-69.80554772343109
-72.30352218417048
-74.10517420115056
-75.19315288056463
-75.5569803929803
-75.19315288056464
-74.10517420115056
-72.30352218417049
-69.8055477234311
-66.63530767852106
-62.823333194102354
-58.40633566829713
-53.42685320185539
-47.93284093299097
-41.97720920318557
-35.61731400167682
-28.914404595927532
-21.93303366769803
-14.740435635432846
-7.405879150056597
-1.3879592128725396e-14
7.4058791500565695
14.740435635432817
21.933033667698002
28.914404595927504
35.61731400167679
41.97720920318555
47.93284093299095
53.426853201855366
58.40633566829709
62.82333319410234
66.63530767852103
69.80554772343108
72.30352218417048
74.10517420115055
3994.8207680396918
3838.935160966193
72.59534616459742
71.54495545977858
69.80554772343109
67.39387440291294
64.33316123065549
60.65288454766356
56.388487430238264
51.58103835377699
46.276835680905045
40.526961782934336
34.386791088703106
27.91545679855552
21.17528139929689
14.231176464576752
7.1500175209503425
4.4666912549368436e-15
-7.150017520950334
-14.231176464576741
-21.17528139929688
-27.915456798555514
-34.3867910887031
-40.52696178293431
-46.27683568090504
-51.58103835377698
-56.388487430238264
-60.65288454766357
-64.33316123065548
-67.39387440291294
-69.80554772343109
-71.54495545977858
-72.5953461645974
-72.9466040011982
-72.59534616459742
-71.54495545977858
-69.8055477234311
-67.39387440291296
-64.33316123065549
-60.652884547663575
-56.38848743023827
-51.581038353777
-46.27683568090508
-40.52696178293433
-34.38679108870311
-27.915456798555557
-21.175281399296896
-14.231176464576775
-7.150017520950319
-1.3400073764810532e-14
7.150017520950293
14.23117646457675
21.175281399296868
27.915456798555535
34.38679108870309
40.5269617829343
46.27683568090505
51.581038353776975
56.38848743023823
60.65288454766356
64.33316123065548
67.39387440291293
69.80554772343109
71.54495545977858
3856.8059113308277
3664.588760514943
69.29840658041215
68.29571968687793
66.63530767852104
64.33316123065548
61.41145127205546
57.89831546679141
53.82758723314342
49.23846990928793
44.175159203720376
38.68641756642256
32.82510457981306
26.6476678920725
20.213599595434236
13.58486328481441
6.825297314520149
4.263835121771698e-15
-6.825297314520141
-13.584863284814402
-20.21359959543422
-26.64766789207249
-32.82510457981305
-38.68641756642254
-44.17515920372036
-49.23846990928792
-53.82758723314342
-57.898315466791416
-61.41145127205545
-64.33316123065548
-66.63530767852104
-68.29571968687793
-69.29840658041213
-69.63371193621452
-69.29840658041215
-68.29571968687793
-66.63530767852104
-64.33316123065549
-61.41145127205546
-57.89831546679142
-53.827587233143426
-49.238469909287936
-44.175159203720405
-38.686417566422556
-32.825104579813065
-26.647667892072533
-20.213599595434243
-13.584863284814434
-6.825297314520127
-1.2791505365315093e-14
6.825297314520102
13.584863284814409
20.213599595434214
26.647667892072512
32.82510457981304
38.686417566422534
44.17515920372038
49.238469909287915
53.82758723314339
57.89831546679141
61.41145127205544
64.33316123065546
66.63530767852104
68.29571968687793
3681.6479053512744
3454.9503670319427
65.33408545849507
64.38875879915462
62.82333319410233
60.652884547663554
57.89831546679141
54.586153957535316
50.74829794584108
46.42170808308681
41.64805179480544
36.4733020005991
30.947294369791976
25.123247376691776
19.05724977759001
12.807720445377633
6.434845763864088
4.019915925534518e-15
-6.434845763864079
-12.807720445377624
-19.05724977759
-25.12324737669177
-30.94729436979197
-36.47330200059908
-41.64805179480543
-46.421708083086806
-50.74829794584108
-54.58615395753532
-57.8983154667914
-60.652884547663554
-62.82333319410233
-64.38875879915462
-65.33408545849505
-65.6502091596261
-65.33408545849507
-64.38875879915462
-62.82333319410234
-60.65288454766356
-57.89831546679141
-54.58615395753533
-50.74829794584109
-46.42170808308682
-41.648051794805475
-36.47330200059909
-30.947294369791983
-25.123247376691808
-19.057249777590016
-12.807720445377656
-6.434845763864066
-1.2059747776603552e-14
6.434845763864042
12.807720445377631
19.05724977758999
25.123247376691786
30.947294369791962
36.47330200059907
41.64805179480545
46.4217080830868
50.74829794584105
54.586153957535316
57.898315466791395
60.65288454766354
62.82333319410233
64.3887587991546
3471.03361744972
3212.0389128464376
60.74056137836857
59.861698965719455
58.40633566829712
56.38848743023826
53.82758723314342
50.74829794584108
47.18027480747871
43.1578798313586
38.719850879965534
33.90892859817485
28.77144479747783
23.356876255309487
17.717368226635163
11.907232256639686
5.9824231308575015
3.737282741424863e-15
-5.9824231308574936
-11.907232256639677
-17.717368226635152
-23.35687625530948
-28.771444797477823
-33.90892859817483
-38.71985087996553
-43.15787983135859
-47.18027480747871
-50.74829794584109
-53.82758723314341
-56.38848743023826
-58.40633566829712
-59.861698965719455
-60.74056137836856
-61.03445898077559
-60.74056137836857
-59.861698965719455
-58.406335668297125
-56.388487430238264
-53.82758723314342
-50.748297945841095
-47.18027480747872
-43.157879831358606
-38.71985087996556
-33.908928598174846
-28.771444797477837
-23.356876255309515
-17.71736822663517
-11.907232256639706
-5.982423130857482
-1.1211848224274587e-14
5.98242313085746
11.907232256639684
17.717368226635145
23.356876255309494
28.771444797477816
33.908928598174825
38.71985087996554
43.157879831358585
47.18027480747869
50.74829794584108
53.82758723314341
56.38848743023824
58.40633566829712
59.86169896571945
3226.9913783521392
2938.193768051143
55.56207248799999
54.75813824751108
53.42685320185538
51.58103835377698
49.23846990928793
46.42170808308681
43.1578798313586
39.47841760435744
35.418756634728
31.01799367684426
26.318510483692375
21.365565647421214
16.206858734359148
10.89207091211503
5.472386492775615
3.4186574815087236e-15
-5.472386492775608
-10.892070912115022
-16.20685873435914
-21.36556564742121
-26.318510483692368
-31.01799367684424
-35.41875663472799
-39.47841760435743
-43.1578798313586
-46.42170808308682
-49.23846990928793
-51.58103835377698
-53.42685320185538
-54.75813824751108
-55.562072487999984
-55.830913597111035
-55.56207248799999
-54.75813824751108
-53.42685320185538
-51.58103835377699
-49.23846990928793
-46.42170808308683
-43.157879831358606
-39.47841760435744
-35.41875663472803
-31.017993676844252
-26.31851048369238
-21.365565647421242
-16.206858734359155
-10.892070912115049
-5.472386492775597
-1.025597244452617e-14
5.472386492775577
10.892070912115027
16.206858734359134
21.365565647421224
26.31851048369236
31.017993676844235
35.418756634728005
39.478417604357425
43.15787983135857
46.42170808308681
49.23846990928792
51.581038353776975
53.42685320185538
54.75813824751107
2951.871448228099
2636.0522110894194
49.848490466253544
49.12722672413591
47.932840932990935
46.276835680905045
44.175159203720376
41.64805179480545
38.719850879965534
35.418756634728
31.776560401236154
27.828338520245516
23.612114526787654
19.168492962742036
14.540268332901071
9.772012970495078
4.909647781257543
3.067108681217377e-15
-4.9096477812575365
-9.772012970495071
-14.540268332901062
-19.16849296274203
-23.61211452678765
-27.828338520245502
-31.776560401236146
-35.418756634728
-38.719850879965534
-41.64805179480545
-44.17515920372037
-46.276835680905045
-47.932840932990935
-49.12722672413591
-49.84849046625354
-50.08968599522438
-49.848490466253544
-49.12722672413591
-47.93284093299094
-46.27683568090505
-44.175159203720376
-41.648051794805454
-38.71985087996554
-35.418756634728005
-31.776560401236175
-27.828338520245513
-23.61211452678766
-19.16849296274206
-14.540268332901077
-9.772012970495094
-4.909647781257527
-9.20132604365213e-15
4.909647781257509
9.772012970495076
14.540268332901057
19.168492962742043
23.612114526787643
27.828338520245495
31.776560401236157
35.41875663472799
38.71985087996551
41.64805179480545
44.17515920372037
46.27683568090504
47.932840932990935
49.1272267241359
2648.3233824005456
2308.524030322186
43.65484023136031
43.0231931517334
41.97720920318558
40.52696178293433
38.68641756642256
36.4733020005991
33.90892859817485
31.01799367684426
27.828338520245516
24.37068125117955
20.67832099929519
16.78681721226751
12.733647198877955
8.557845202043584
4.299626477719477
2.686021947673752e-15
-4.299626477719471
-8.557845202043579
-12.733647198877948
-16.786817212267508
-20.678320999295188
-24.370681251179533
-27.82833852024551
-31.017993676844252
-33.90892859817485
-36.473302000599105
-38.68641756642256
-40.52696178293433
-41.97720920318558
-43.0231931517334
-43.6548402313603
-43.86606733539605
-43.65484023136031
-43.0231931517334
-41.97720920318558
-40.526961782934336
-38.68641756642256
-36.47330200059911
-33.90892859817485
-31.017993676844263
-27.828338520245534
-24.370681251179544
-20.6783209992952
-16.786817212267533
-12.73364719887796
-8.5578452020436
-4.299626477719463
-8.058065843021256e-15
4.299626477719447
8.557845202043584
12.733647198877943
16.78681721226752
20.67832099929518
24.37068125117953
27.82833852024552
31.01799367684425
33.90892859817483
36.4733020005991
38.686417566422556
40.52696178293432
41.97720920318558
43.0231931517334
2319.270514679651
1958.7635011753462
37.040770020875925
36.50482271040998
35.6173140016768
34.3867910887031
32.82510457981306
30.947294369791972
28.771444797477827
26.31851048369237
23.612114526787654
20.67832099929519
17.545383936659416
14.243475235431113
10.804394081410019
7.261260706102355
3.648197420786054
2.279067354445073e-15
-3.6481974207860492
-7.26126070610235
-10.804394081410011
-14.24347523543111
-17.545383936659412
-20.678320999295178
-23.612114526787646
-26.318510483692368
-28.771444797477827
-30.947294369791976
-32.82510457981306
-34.3867910887031
-35.6173140016768
-36.50482271040998
-37.04077002087592
-37.219994467496235
-37.040770020875925
-36.50482271040998
-35.6173140016768
-34.386791088703106
-32.82510457981306
-30.947294369791983
-28.77144479747783
-26.318510483692375
-23.612114526787668
-20.678320999295188
-17.545383936659423
-14.243475235431132
-10.804394081410022
-7.261260706102368
-3.648197420786042
-6.837202063335218e-15
3.648197420786029
7.261260706102354
10.804394081410008
14.24347523543112
17.54538393665941
20.678320999295174
23.612114526787657
26.318510483692364
28.771444797477812
30.947294369791972
32.82510457981305
34.38679108870309
35.6173140016768
36.504822710409975
1967.881804060163
1590.1390087431382
30.069976946545903
29.63489087081931
28.914404595927493
27.91545679855552
26.6476678920725
25.123247376691776
23.356876255309487
21.365565647421217
19.168492962742036
16.786817212267515
14.243475235431115
11.56296080580192
8.771088742655502
5.894746300152486
2.961634228382888
1.8501640967281407e-15
-2.961634228382884
-5.894746300152481
-8.771088742655499
-11.562960805801916
-14.243475235431111
-16.786817212267504
-19.168492962742032
-21.365565647421214
-23.356876255309487
-25.12324737669178
-26.647667892072498
-27.91545679855552
-28.914404595927493
-29.63489087081931
-30.0699769465459
-30.21547270635578
-30.069976946545903
-29.63489087081931
-28.914404595927497
-27.915456798555525
-26.6476678920725
-25.123247376691783
-23.35687625530949
-21.36556564742122
-19.16849296274205
-16.78681721226751
-14.243475235431118
-11.562960805801936
-8.771088742655506
-5.894746300152495
-2.961634228382878
-5.550492290184423e-15
2.9616342283828674
5.894746300152485
8.771088742655495
11.562960805801925
14.243475235431108
16.7868172122675
19.16849296274204
21.36556564742121
23.356876255309473
25.123247376691776
26.647667892072494
27.915456798555514
28.914404595927493
29.634890870819305
1597.541315913954
1206.2006083983301
22.809593556299163
22.479558832063407
21.93303366769802
21.175281399296885
20.213599595434236
19.05724977759001
17.717368226635163
16.206858734359148
14.54026833290107
12.733647198877955
10.804394081410019
8.771088742655502
6.65331302454438
4.471462264936034
2.246548879366439
1.4034427473571405e-15
-2.2465488793664363
-4.47146226493603
-6.653313024544375
-8.7710887426555
-10.804394081410017
-12.733647198877948
-14.540268332901068
-16.206858734359148
-17.717368226635163
-19.057249777590012
-20.213599595434232
-21.175281399296885
-21.93303366769802
-22.479558832063407
-22.80959355629916
-22.91995942559556
-22.809593556299163
-22.479558832063407
-21.933033667698023
-21.17528139929689
-20.213599595434236
-19.057249777590012
-17.717368226635163
-16.20685873435915
-14.54026833290108
-12.733647198877954
-10.80439408141002
-8.771088742655513
-6.6533130245443814
-4.471462264936041
-2.246548879366432
-4.210328242071421e-15
2.2465488793664234
4.471462264936033
6.653313024544373
8.771088742655506
10.804394081410013
12.733647198877945
14.540268332901071
16.206858734359145
17.717368226635152
19.05724977759001
20.21359959543423
21.175281399296882
21.93303366769802
22.479558832063404
1211.815631590577
810.6458368183219
15.329541311113086
15.107736353177891
14.740435635432819
14.231176464576752
13.584863284814412
12.807720445377633
11.907232256639686
10.89207091211503
9.772012970495078
8.557845202043586
7.261260706102356
5.894746300152486
4.471462264936034
3.0051156037583366
1.509828036553154
9.432054771292462e-16
-1.5098280365531522
-3.0051156037583344
-4.471462264936031
-5.894746300152484
-7.261260706102354
-8.55784520204358
-9.772012970495076
-10.892070912115027
-11.907232256639686
-12.807720445377635
-13.58486328481441
-14.231176464576752
-14.740435635432819
-15.107736353177891
-15.329541311113084
-15.403714406242562
-15.329541311113086
-15.107736353177891
-14.74043563543282
-14.231176464576754
-13.584863284814412
-12.807720445377637
-11.907232256639688
-10.892070912115031
-9.772012970495084
-8.557845202043584
-7.261260706102358
-5.894746300152494
-4.471462264936036
-3.0051156037583415
-1.5098280365531491
-2.8296164313877387e-15
1.5098280365531436
3.005115603758336
4.471462264936029
5.894746300152488
7.261260706102353
8.557845202043579
9.77201297049508
10.892070912115027
11.907232256639679
12.807720445377633
13.584863284814409
14.231176464576748
14.740435635432819
15.10773635317789
814.4195002891747
407.284102685662
7.701857203121293
7.590418114482498
7.405879150056621
7.1500175209503425
6.82529731452015
6.434845763864088
5.982423130857502
5.472386492775615
4.909647781257543
4.299626477719477
3.6481974207860546
2.961634228382888
2.2465488793664394
1.5098280365531542
0.7585667243919014
4.738846225480354e-16
-0.7585667243919004
-1.5098280365531531
-2.246548879366438
-2.961634228382887
-3.6481974207860537
-4.299626477719475
-4.909647781257542
-5.472386492775614
-5.982423130857502
-6.434845763864089
-6.825297314520149
-7.1500175209503425
-7.405879150056621
-7.590418114482498
-7.701857203121292
-7.73912319663061
-7.701857203121293
-7.590418114482498
-7.405879150056622
-7.150017520950343
-6.82529731452015
-6.4348457638640895
-5.982423130857502
-5.472386492775616
-4.909647781257546
-4.299626477719476
-3.6481974207860555
-2.961634228382892
-2.2465488793664403
-1.5098280365531567
-0.758566724391899
-1.4216538676441062e-15
0.7585667243918961
1.509828036553154
2.246548879366437
2.961634228382889
3.648197420786053
4.299626477719474
4.909647781257544
5.472386492775613
5.982423130857499
6.434845763864088
6.8252973145201485
7.150017520950341
7.405879150056621
7.590418114482497
409.1800639930022
2.5443466878372707e-13
4.811431316797907e-15
4.741814144361261e-15
4.626530709575131e-15
4.4666912549368436e-15
4.263835121771698e-15
4.019915925534517e-15
3.737282741424863e-15
3.418657481508723e-15
3.0671086812173766e-15
2.686021947673752e-15
2.279067354445073e-15
1.8501640967281407e-15
1.4034427473571405e-15
9.432054771292462e-16
4.738846225480354e-16
2.9604071503072577e-31
-4.738846225480348e-16
-9.432054771292457e-16
-1.4034427473571397e-15
-1.8501640967281404e-15
-2.2790673544450725e-15
-2.6860219476737504e-15
-3.067108681217376e-15
-3.4186574815087228e-15
-3.737282741424863e-15
-4.019915925534518e-15
-4.2638351217716975e-15
-4.4666912549368436e-15
-4.626530709575131e-15
-4.741814144361261e-15
-4.811431316797906e-15
-4.8347117754578846e-15
-4.811431316797907e-15
-4.741814144361261e-15
-4.626530709575132e-15
-4.466691254936844e-15
-4.263835121771698e-15
-4.019915925534519e-15
-3.737282741424863e-15
-3.418657481508724e-15
-3.067108681217379e-15
-2.6860219476737516e-15
-2.2790673544450737e-15
-1.850164096728143e-15
-1.4034427473571411e-15
-9.432054771292478e-16
-4.738846225480338e-16
-8.881221450921773e-31
4.73884622548032e-16
9.43205477129246e-16
1.4034427473571391e-15
1.8501640967281415e-15
2.279067354445072e-15
2.68602194767375e-15
3.0671086812173773e-15
3.4186574815087224e-15
3.7372827414248604e-15
4.019915925534517e-15
4.263835121771697e-15
4.466691254936843e-15
4.626530709575131e-15
4.7418141443612606e-15
2.5561909578217583e-13
-407.2841026856615
-7.701857203121283
-7.590418114482488
-7.405879150056611
-7.150017520950334
-6.825297314520142
-6.43484576386408
-5.982423130857494
-5.472386492775608
-4.9096477812575365
-4.299626477719472
-3.6481974207860497
-2.9616342283828843
-2.2465488793664363
-1.5098280365531522
-0.7585667243919004
-4.738846225480348e-16
0.7585667243918994
1.5098280365531511
2.2465488793664354
2.9616342283828834
3.648197420786049
4.299626477719469
4.909647781257536
5.472386492775607
5.982423130857494
6.434845763864081
6.825297314520141
7.150017520950334
7.405879150056611
7.590418114482488
7.701857203121282
7.7391231966306
7.701857203121283
7.590418114482488
7.405879150056612
7.1500175209503345
6.825297314520142
6.4348457638640815
5.982423130857495
5.472386492775609
4.90964778125754
4.299626477719471
3.6481974207860506
2.961634228382888
2.246548879366437
1.509828036553155
0.758566724391898
1.4216538676441044e-15
-0.7585667243918952
-1.509828036553152
-2.2465488793664345
-2.961634228382885
-3.648197420786048
-4.299626477719468
-4.909647781257537
-5.472386492775606
-5.982423130857491
-6.43484576386408
-6.8252973145201405
-7.150017520950332
-7.405879150056611
-7.590418114482487
-409.1800639930017
-810.6458368183213
-15.329541311113076
-15.10773635317788
-14.740435635432808
-14.231176464576741
-13.584863284814402
-12.807720445377624
-11.907232256639677
-10.892070912115022
-9.772012970495071
-8.557845202043579
-7.261260706102351
-5.894746300152481
-4.471462264936031
-3.0051156037583344
-1.5098280365531531
-9.432054771292457e-16
1.5098280365531511
3.005115603758332
4.4714622649360285
5.894746300152479
7.261260706102349
8.557845202043573
9.77201297049507
10.89207091211502
11.907232256639677
-0.0
-0.0
-0.0
-0.0
-0.0
-0.0
-0.0
-0.0
-0.0
-0.0
-0.0
-0.0
-0.0
-0.0
-0.0
-0.0
8.557845202043577
7.261260706102353
5.894746300152489
4.471462264936033
3.0051156037583393
1.509828036553148
2.8296164313877368e-15
-1.5098280365531425
-3.005115603758334
-4.471462264936027
-5.894746300152484
-7.261260706102347
-8.557845202043572
-9.772012970495073
-10.892070912115019
-11.907232256639672
-12.807720445377624
-13.584863284814398
-14.231176464576738
-14.740435635432808
-15.107736353177879
-814.4195002891742
-1206.2006083983295
-22.809593556299152
-22.479558832063397
-21.93303366769801
-21.17528139929688
-20.213599595434225
-19.05724977759
-17.717368226635152
-16.20685873435914
-14.540268332901062
-12.73364719887795
-10.804394081410013
-8.771088742655499
-6.653313024544376
-4.471462264936032
-2.246548879366438
-1.40344274735714e-15
2.2465488793664354
4.4714622649360285
6.653313024544373
8.771088742655495
10.804394081410011
12.733647198877943
14.54026833290106
16.206858734359137
-0.0
-0.0
-0.0
-0.0
-0.0
-0.0
-0.0
-0.0
-0.0
-0.0
-0.0
-0.0
-0.0
-0.0
-0.0
-0.0
-0.0
-0.0
10.804394081410017
8.77108874265551
6.653313024544379
4.471462264936039
2.246548879366431
4.2103282420714196e-15
-2.2465488793664226
-4.471462264936031
-6.65331302454437
-8.771088742655502
-10.804394081410008
-12.73364719887794
-14.540268332901066
-16.206858734359137
-17.717368226635145
-19.05724977759
-20.21359959543422
-21.17528139929687
-21.93303366769801
-22.479558832063393
-1211.8156315905762
-1590.1390087431378
-30.069976946545893
-29.634890870819298
-28.914404595927483
-27.91545679855551
-26.647667892072494
-25.12324737669177
-23.35687625530948
-21.36556564742121
-19.16849296274203
-16.786817212267508
-14.24347523543111
-11.562960805801916
-8.7710887426555
-5.894746300152484
-2.961634228382887
-1.8501640967281404e-15
2.961634228382883
5.894746300152479
8.771088742655495
11.562960805801913
14.243475235431106
16.786817212267497
19.168492962742025
-0.0
-0.0
-0.0
-0.0
-0.0
-0.0
-0.0
-0.0
-0.0
-0.0
-0.0
-0.0
-0.0
-0.0
-0.0
-0.0
-0.0
-0.0
-0.0
-0.0
11.56296080580193
8.771088742655504
5.894746300152494
2.961634228382877
5.55049229018442e-15
-2.961634228382866
-5.894746300152483
-8.771088742655492
-11.562960805801922
-14.243475235431104
-16.786817212267493
-19.168492962742032
-21.365565647421203
-23.356876255309466
-25.12324737669177
-26.647667892072487
-27.915456798555503
-28.914404595927483
-29.634890870819294
-1597.5413159139534
-1958.7635011753457
-37.04077002087592
-36.504822710409975
-35.617314001676796
-34.38679108870309
-32.82510457981305
-30.94729436979197
-28.771444797477823
-26.318510483692368
-23.612114526787646
-20.678320999295188
-17.545383936659412
-14.243475235431111
-10.804394081410017
-7.261260706102354
-3.6481974207860532
-2.2790673544450725e-15
3.648197420786049
7.261260706102349
10.80439408141001
14.243475235431106
17.54538393665941
20.678320999295174
-0.0
-0.0
-0.0
-0.0
-0.0
-0.0
-0.0
-0.0
-0.0
-0.0
-0.0
-0.0
-0.0
-0.0
-0.0
-0.0
-0.0
-0.0
-0.0
-0.0
-0.0
14.243475235431129
10.80439408141002
7.261260706102367
3.6481974207860413
6.8372020633352175e-15
-3.648197420786028
-7.261260706102353
-10.804394081410006
-14.243475235431116
-17.545383936659405
-20.67832099929517
-23.61211452678765
-26.318510483692357
-28.771444797477805
-30.94729436979197
-32.82510457981304
-34.386791088703085
-35.617314001676796
-36.50482271040997
-1967.8818040601625
-2308.5240303221844
-43.65484023136029
-43.02319315173339
-41.97720920318556
-40.526961782934315
-38.68641756642255
-36.473302000599084
-33.90892859817483
-31.017993676844245
-27.828338520245502
-24.370681251179537
-20.67832099929518
-16.786817212267504
-12.73364719887795
-8.55784520204358
-4.299626477719475
-2.686021947673751e-15
4.299626477719469
8.557845202043575
12.733647198877943
16.7868172122675
20.678320999295178
24.370681251179523
-0.0
-0.0
-0.0
-0.0
-0.0
-0.0
-0.0
-0.0
-0.0
-0.0
-0.0
-0.0
-0.0
-0.0
-0.0
-0.0
-0.0
-0.0
-0.0
-0.0
-0.0
-0.0
12.733647198877954
8.557845202043595
4.29962647771946
8.058065843021252e-15
-4.299626477719445
-8.557845202043579
-12.733647198877938
-16.78681721226751
-20.678320999295174
-24.37068125117952
-27.828338520245506
-31.017993676844235
-33.90892859817482
-36.473302000599084
-38.686417566422534
-40.5269617829343
-41.97720920318556
-43.02319315173338
-2319.2705146796498
-2636.052211089419
-49.84849046625354
-49.1272267241359
-47.93284093299093
-46.27683568090504
-44.17515920372037
-41.64805179480544
-38.71985087996553
-35.418756634728
-31.77656040123615
-27.828338520245513
-23.61211452678765
-19.168492962742032
-14.540268332901068
-9.772012970495076
-4.909647781257542
-3.0671086812173766e-15
4.909647781257536
9.77201297049507
14.54026833290106
19.16849296274203
23.612114526787646
-0.0
-0.0
-0.0
-0.0
-0.0
-0.0
-0.0
-0.0
-0.0
-0.0
-0.0
-0.0
-0.0
-0.0
-0.0
-0.0
-0.0
-0.0
-0.0
-0.0
-0.0
-0.0
-0.0
-0.0
9.772012970495092
4.909647781257526
9.201326043652128e-15
-4.909647781257508
-9.772012970495075
-14.540268332901055
-19.168492962742043
-23.61211452678764
-27.82833852024549
-31.776560401236154
-35.418756634727984
-38.719850879965506
-41.64805179480544
-44.17515920372036
-46.27683568090503
-47.93284093299093
-49.127226724135895
-2648.323382400545
-2938.1937680511423
-55.562072487999984
-54.75813824751107
-53.42685320185537
-51.58103835377698
-49.23846990928792
-46.421708083086806
-43.15787983135859
-39.47841760435743
-35.418756634728
-31.017993676844256
-26.31851048369237
-21.365565647421214
-16.206858734359148
-10.892070912115027
-5.472386492775614
-3.418657481508723e-15
5.472386492775607
10.89207091211502
16.206858734359137
21.365565647421207
-0.0
-0.0
-0.0
-0.0
-0.0
-0.0
-0.0
-0.0
-0.0
-0.0
-0.0
-0.0
-0.0
-0.0
-0.0
-0.0
-0.0
-0.0
-0.0
-0.0
-0.0
-0.0
-0.0
-0.0
-0.0
-0.0
5.4723864927755965
1.0255972444526168e-14
-5.472386492775576
-10.892070912115027
-16.20685873435913
-21.36556564742122
-26.318510483692357
-31.01799367684423
-35.418756634728
-39.47841760435742
-43.15787983135857
-46.421708083086806
-49.238469909287915
-51.58103835377697
-53.42685320185537
-54.75813824751106
-2951.8714482280984
-3212.0389128464376
-60.74056137836857
-59.861698965719455
-58.40633566829712
-56.38848743023826
-53.82758723314342
-50.74829794584108
-47.18027480747871
-43.1578798313586
-38.719850879965534
-33.90892859817485
-28.77144479747783
-23.356876255309487
-17.717368226635163
-11.907232256639686
-5.9824231308575015
-3.737282741424863e-15
5.9824231308574936
11.907232256639677
17.717368226635152
-0.0
-0.0
-0.0
-0.0
-0.0
-0.0
-0.0
-0.0
-0.0
-0.0
-0.0
-0.0
-0.0
-0.0
-0.0
-0.0
-0.0
-0.0
-0.0
-0.0
-0.0
-0.0
-0.0
-0.0
-0.0
-0.0
-0.0
-0.0
1.1211848224274587e-14
-5.98242313085746
-11.907232256639684
-17.717368226635145
-23.356876255309494
-28.771444797477816
-33.908928598174825
-38.71985087996554
-43.157879831358585
-47.18027480747869
-50.74829794584108
-53.82758723314341
-56.38848743023824
-58.40633566829712
-59.86169896571945
-3226.9913783521392
-3454.950367031943
-65.33408545849507
-64.38875879915463
-62.82333319410235
-60.65288454766357
-57.89831546679142
-54.58615395753533
-50.748297945841095
-46.42170808308683
-41.648051794805454
-36.47330200059911
-30.947294369791983
-25.123247376691783
-19.057249777590012
-12.807720445377637
-6.434845763864089
-4.019915925534519e-15
6.434845763864081
12.807720445377628
-0.0
-0.0
-0.0
-0.0
-0.0
-0.0
-0.0
-0.0
-0.0
-0.0
-0.0
-0.0
-0.0
-0.0
-0.0
-0.0
-0.0
-0.0
-0.0
-0.0
-0.0
-0.0
-0.0
-0.0
-0.0
-0.0
-0.0
-0.0
-0.0
1.2059747776603555e-14
-6.434845763864044
-12.807720445377635
-19.057249777589995
-25.123247376691793
-30.94729436979197
-36.473302000599084
-41.64805179480546
-46.42170808308681
-50.74829794584106
-54.58615395753533
-57.89831546679141
-60.652884547663554
-62.82333319410235
-64.38875879915462
-3471.0336174497206
-3664.5887605149424
-69.29840658041215
-68.29571968687793
-66.63530767852104
-64.33316123065548
-61.41145127205546
-57.89831546679141
-53.82758723314342
-49.23846990928793
-44.175159203720376
-38.68641756642256
-32.82510457981306
-26.6476678920725
-20.213599595434236
-13.58486328481441
-6.825297314520149
-4.263835121771698e-15
6.825297314520141
-0.0
-0.0
-0.0
-0.0
-0.0
-0.0
-0.0
-0.0
-0.0
-0.0
-0.0
-0.0
-0.0
-0.0
-0.0
-0.0
-0.0
-0.0
-0.0
-0.0
-0.0
-0.0
-0.0
-0.0
-0.0
-0.0
-0.0
-0.0
-0.0
-0.0
-0.0
-6.825297314520102
-13.584863284814409
-20.213599595434214
-26.647667892072512
-32.82510457981304
-38.686417566422534
-44.17515920372038
-49.238469909287915
-53.82758723314339
-57.89831546679141
-61.41145127205544
-64.33316123065546
-66.63530767852104
-68.29571968687793
-3681.647905351274
-3838.935160966193
-72.59534616459742
-71.54495545977858
-69.80554772343109
-67.39387440291294
-64.33316123065549
-60.65288454766356
-56.388487430238264
-51.58103835377699
-46.276835680905045
-40.526961782934336
-34.386791088703106
-27.91545679855552
-21.17528139929689
-14.231176464576752
-7.1500175209503425
-4.4666912549368436e-15
7.150017520950334
-0.0
-0.0
-0.0
-0.0
-0.0
-0.0
-0.0
-0.0
-0.0
-0.0
-0.0
-0.0
-0.0
-0.0
-0.0
-0.0
-0.0
-0.0
-0.0
-0.0
-0.0
-0.0
-0.0
-0.0
-0.0
-0.0
-0.0
-0.0
-0.0
-0.0
-0.0
-0.0
-14.23117646457675
-21.175281399296868
-27.915456798555535
-34.38679108870309
-40.5269617829343
-46.27683568090505
-51.581038353776975
-56.38848743023823
-60.65288454766356
-64.33316123065548
-67.39387440291293
-69.80554772343109
-71.54495545977858
-3856.8059113308277
-3976.3105172419114
-75.19315288056464
-74.10517420115056
-72.30352218417048
-69.80554772343109
-66.63530767852106
-62.82333319410234
-58.406335668297125
-53.42685320185538
-47.932840932990935
-41.97720920318558
-35.61731400167681
-28.914404595927493
-21.933033667698023
-14.74043563543282
-7.405879150056621
-4.626530709575132e-15
7.405879150056611
-0.0
-0.0
-0.0
-0.0
-0.0
-0.0
-0.0
-0.0
-0.0
-0.0
-0.0
-0.0
-0.0
-0.0
-0.0
-0.0
-0.0
-0.0
-0.0
-0.0
-0.0
-0.0
-0.0
-0.0
-0.0
-0.0
-0.0
-0.0
-0.0
-0.0
-0.0
-0.0
-14.740435635432817
-21.933033667698002
-28.914404595927504
-35.61731400167679
-41.97720920318555
-47.93284093299095
-53.426853201855366
-58.40633566829709
-62.82333319410234
-66.63530767852103
-69.80554772343108
-72.30352218417048
-74.10517420115055
-3994.8207680396918
-4075.3918295641542
-77.06680842953345
-75.95171960495654
-74.10517420115056
-71.54495545977858
-68.29571968687794
-64.38875879915462
-59.861698965719455
-54.758138247511084
-49.12722672413591
-43.02319315173341
-36.50482271040998
-29.63489087081931
-22.479558832063407
-15.107736353177891
-7.590418114482498
-4.741814144361262e-15
-0.0
-0.0
-0.0
-0.0
-0.0
-0.0
-0.0
-0.0
-0.0
-0.0
-0.0
-0.0
-0.0
-0.0
-0.0
-0.0
-0.0
-0.0
-0.0
-0.0
-0.0
-0.0
-0.0
-0.0
-0.0
-0.0
-0.0
-0.0
-0.0
-0.0
-0.0
-0.0
-0.0
-15.10773635317789
-22.479558832063386
-29.634890870819323
-36.50482271040997
-43.02319315173337
-49.127226724135916
-54.75813824751106
-59.86169896571942
-64.38875879915462
-68.29571968687793
-71.54495545977856
-74.10517420115056
-75.95171960495652
-4094.3633169611653
-4135.224890731903
-78.19826848432295
-77.06680842953342
-75.19315288056461
-72.5953461645974
-69.29840658041213
-65.33408545849505
-60.74056137836856
-55.56207248799998
-49.84849046625354
-43.6548402313603
-37.04077002087592
-30.069976946545896
-22.80959355629916
-15.329541311113084
-7.701857203121291
-4.811431316797906e-15
-0.0
-0.0
-0.0
-0.0
-0.0
-0.0
-0.0
-0.0
-0.0
-0.0
-0.0
-0.0
-0.0
-0.0
-0.0
-0.0
-0.0
-0.0
-0.0
-0.0
-0.0
-0.0
-0.0
-0.0
-0.0
-0.0
-0.0
-0.0
-0.0
-0.0
-0.0
-0.0
-0.0
-15.329541311113081
-22.809593556299138
-30.06997694654591
-37.040770020875904
-43.65484023136027
-49.848490466253544
-55.56207248799996
-60.740561378368525
-65.33408545849505
-69.29840658041212
-72.59534616459739
-75.19315288056461
-77.06680842953342
-4154.474908933641
-4155.233475658033
-78.5766364660866
-77.43970175993107
-75.5569803929803
-72.9466040011982
-69.63371193621452
-65.6502091596261
-61.03445898077559
-55.830913597111035
-50.08968599522438
-43.86606733539605
-37.219994467496235
-30.21547270635578
-22.91995942559556
-15.403714406242562
-7.73912319663061
-4.8347117754578846e-15
7.7391231966306
-0.0
-0.0
-0.0
-0.0
-0.0
-0.0
-0.0
-0.0
-0.0
-0.0
-0.0
-0.0
-0.0
-0.0
-0.0
-0.0
-0.0
-0.0
-0.0
-0.0
-0.0
-0.0
-0.0
-0.0
-0.0
-0.0
-0.0
-0.0
-0.0
-0.0
-0.0
-0.0
-15.40371440624256
-22.91995942559554
-30.21547270635579
-37.21999446749622
-43.86606733539602
-50.089685995224386
-55.83091359711102
-61.034458980775554
-65.6502091596261
-69.63371193621451
-72.94660400119818
-75.5569803929803
-77.43970175993105
-4174.576636466087
-4135.224890731903
-78.19826848432297
-77.06680842953344
-75.19315288056463
-72.59534616459742
-69.29840658041215
-65.33408545849507
-60.740561378368575
-55.56207248799999
-49.848490466253544
-43.65484023136031
-37.040770020875925
-30.069976946545903
-22.809593556299163
-15.329541311113086
-7.701857203121292
-4.811431316797907e-15
7.701857203121282
-0.0
-0.0
-0.0
-0.0
-0.0
-0.0
-0.0
-0.0
-0.0
-0.0
-0.0
-0.0
-0.0
-0.0
-0.0
-0.0
-0.0
-0.0
-0.0
-0.0
-0.0
-0.0
-0.0
-0.0
-0.0
-0.0
-0.0
-0.0
-0.0
-0.0
-0.0
-0.0
-15.329541311113084
-22.80959355629914
-30.069976946545914
-37.04077002087591
-43.654840231360275
-49.84849046625355
-55.56207248799997
-60.74056137836854
-65.33408545849507
-69.29840658041213
-72.59534616459739
-75.19315288056463
-77.06680842953344
-4154.474908933642
-4075.3918295641542
-77.06680842953345
-75.95171960495654
-74.10517420115056
-71.54495545977858
-68.29571968687794
-64.38875879915462
-59.861698965719455
-54.758138247511084
-49.12722672413591
-43.02319315173341
-36.50482271040998
-29.63489087081931
-22.479558832063407
-15.107736353177891
-7.590418114482498
-4.741814144361262e-15
7.590418114482488
-0.0
-0.0
-0.0
-0.0
-0.0
-0.0
-0.0
-0.0
-0.0
-0.0
-0.0
-0.0
-0.0
-0.0
-0.0
-0.0
-0.0
-0.0
-0.0
-0.0
-0.0
-0.0
-0.0
-0.0
-0.0
-0.0
-0.0
-0.0
-0.0
-0.0
-0.0
-7.590418114482445
-15.10773635317789
-22.479558832063386
-29.634890870819323
-36.50482271040997
-43.02319315173337
-49.127226724135916
-54.75813824751106
-59.86169896571942
-64.38875879915462
-68.29571968687793
-71.54495545977856
-74.10517420115056
-75.95171960495652
-4094.3633169611653
-3976.310517241912
-75.19315288056464
-74.10517420115056
-72.30352218417048
-69.80554772343109
-66.63530767852106
-62.82333319410234
-58.406335668297125
-53.42685320185538
-47.932840932990935
-41.97720920318558
-35.61731400167681
-28.914404595927493
-21.933033667698023
-14.74043563543282
-7.405879150056621
-4.626530709575132e-15
7.405879150056611
14.74043563543281
-0.0
-0.0
-0.0
-0.0
-0.0
-0.0
-0.0
-0.0
-0.0
-0.0
-0.0
-0.0
-0.0
-0.0
-0.0
-0.0
-0.0
-0.0
-0.0
-0.0
-0.0
-0.0
-0.0
-0.0
-0.0
-0.0
-0.0
-0.0
-0.0
-0.0
-7.4058791500565695
-14.740435635432817
-21.933033667698002
-28.914404595927504
-35.61731400167679
-41.97720920318555
-47.93284093299095
-53.426853201855366
-58.40633566829709
-62.82333319410234
-66.63530767852103
-69.80554772343108
-72.30352218417048
-74.10517420115055
-3994.8207680396927
-3838.9351609661935
-72.59534616459742
-71.54495545977858
-69.80554772343109
-67.39387440291294
-64.33316123065549
-60.65288454766356
-56.388487430238264
-51.58103835377699
-46.276835680905045
-40.526961782934336
-34.386791088703106
-27.91545679855552
-21.17528139929689
-14.231176464576752
-7.1500175209503425
-4.4666912549368436e-15
7.150017520950334
14.231176464576741
-0.0
-0.0
-0.0
-0.0
-0.0
-0.0
-0.0
-0.0
-0.0
-0.0
-0.0
-0.0
-0.0
-0.0
-0.0
-0.0
-0.0
-0.0
-0.0
-0.0
-0.0
-0.0
-0.0
-0.0
-0.0
-0.0
-0.0
-0.0
-0.0
-0.0
-7.150017520950293
-14.23117646457675
-21.175281399296868
-27.915456798555535
-34.38679108870309
-40.5269617829343
-46.27683568090505
-51.581038353776975
-56.38848743023823
-60.65288454766356
-64.33316123065548
-67.39387440291293
-69.80554772343109
-71.54495545977858
-3856.805911330828
-3664.588760514943
-69.29840658041215
-68.29571968687793
-66.63530767852104
-64.33316123065548
-61.41145127205546
-57.89831546679141
-53.82758723314342
-49.23846990928793
-44.175159203720376
-38.68641756642256
-32.82510457981306
-26.6476678920725
-20.213599595434236
-13.58486328481441
-6.825297314520149
-4.263835121771698e-15
6.825297314520141
13.584863284814402
-0.0
-0.0
-0.0
-0.0
-0.0
-0.0
-0.0
-0.0
-0.0
-0.0
-0.0
-0.0
-0.0
-0.0
-0.0
-0.0
-0.0
-0.0
-0.0
-0.0
-0.0
-0.0
-0.0
-0.0
-0.0
-0.0
-0.0
-0.0
-0.0
-0.0
-6.825297314520102
-13.584863284814409
-20.213599595434214
-26.647667892072512
-32.82510457981304
-38.686417566422534
-44.17515920372038
-49.238469909287915
-53.82758723314339
-57.89831546679141
-61.41145127205544
-64.33316123065546
-66.63530767852104
-68.29571968687793
-3681.6479053512744
-3454.9503670319436
-65.33408545849507
-64.38875879915463
-62.82333319410235
-60.65288454766357
-57.89831546679142
-54.58615395753533
-50.748297945841095
-46.42170808308683
-41.648051794805454
-36.47330200059911
-30.947294369791983
-25.123247376691783
-19.057249777590012
-12.807720445377637
-6.434845763864089
-4.019915925534519e-15
6.434845763864081
12.807720445377628
-0.0
-0.0
-0.0
-0.0
-0.0
-0.0
-0.0
-0.0
-0.0
-0.0
-0.0
-0.0
-0.0
-0.0
-0.0
-0.0
-0.0
-0.0
-0.0
-0.0
-0.0
-0.0
-0.0
-0.0
-0.0
-0.0
-0.0
-0.0
-0.0
1.2059747776603555e-14
-6.434845763864044
-12.807720445377635
-19.057249777589995
-25.123247376691793
-30.94729436979197
-36.473302000599084
-41.64805179480546
-46.42170808308681
-50.74829794584106
-54.58615395753533
-57.89831546679141
-60.652884547663554
-62.82333319410235
-64.38875879915462
-3471.033617449721
-3212.038912846438
-60.74056137836858
-59.86169896571947
-58.40633566829713
-56.38848743023827
-53.82758723314343
-50.74829794584109
-47.180274807478725
-43.157879831358606
-38.71985087996554
-33.90892859817486
-28.771444797477837
-23.35687625530949
-17.717368226635166
-11.907232256639688
-5.982423130857503
-3.7372827414248636e-15
5.982423130857495
11.90723225663968
-0.0
-0.0
-0.0
-0.0
-0.0
-0.0
-0.0
-0.0
-0.0
-0.0
-0.0
-0.0
-0.0
-0.0
-0.0
-0.0
-0.0
-0.0
-0.0
-0.0
-0.0
-0.0
-0.0
-0.0
-0.0
-0.0
-0.0
-0.0
-0.0
1.121184822427459e-14
-5.982423130857462
-11.907232256639686
-17.71736822663515
-23.3568762553095
-28.771444797477823
-33.90892859817483
-38.71985087996555
-43.15787983135859
-47.180274807478696
-50.74829794584109
-53.82758723314342
-56.38848743023826
-58.40633566829713
-59.86169896571946
-3226.9913783521397
-2938.1937680511433
-55.562072488
-54.758138247511084
-53.42685320185538
-51.58103835377699
-49.238469909287936
-46.42170808308682
-43.157879831358606
-39.47841760435744
-35.418756634728005
-31.017993676844263
-26.318510483692375
-21.365565647421217
-16.20685873435915
-10.892070912115031
-5.472386492775615
-3.418657481508724e-15
5.472386492775609
10.892070912115024
-0.0
-0.0
-0.0
-0.0
-0.0
-0.0
-0.0
-0.0
-0.0
-0.0
-0.0
-0.0
-0.0
-0.0
-0.0
-0.0
-0.0
-0.0
-0.0
-0.0
-0.0
-0.0
-0.0
-0.0
-0.0
-0.0
-0.0
-0.0
-0.0
1.0255972444526171e-14
-5.472386492775578
-10.89207091211503
-16.206858734359137
-21.365565647421228
-26.318510483692364
-31.017993676844238
-35.41875663472801
-39.47841760435743
-43.15787983135858
-46.42170808308682
-49.23846990928793
-51.58103835377698
-53.42685320185538
-54.75813824751108
-2951.8714482280993
-2636.0522110894212
-49.84849046625358
-49.127226724135944
-47.93284093299097
-46.27683568090508
-44.17515920372041
-41.648051794805475
-38.71985087996556
-35.41875663472803
-31.776560401236175
-27.828338520245538
-23.61211452678767
-19.16849296274205
-14.54026833290108
-9.772012970495085
-4.909647781257546
-3.0671086812173793e-15
4.90964778125754
9.772012970495078
14.540268332901073
-0.0
-0.0
-0.0
-0.0
-0.0
-0.0
-0.0
-0.0
-0.0
-0.0
-0.0
-0.0
-0.0
-0.0
-0.0
-0.0
-0.0
-0.0
-0.0
-0.0
-0.0
-0.0
-0.0
-0.0
-0.0
-0.0
-0.0
-0.0
9.201326043652136e-15
-4.9096477812575126
-9.772012970495084
-14.540268332901068
-19.168492962742057
-23.61211452678766
-27.828338520245516
-31.776560401236182
-35.41875663472801
-38.71985087996554
-41.648051794805475
-44.1751592037204
-46.276835680905066
-47.93284093299097
-49.12722672413594
-2648.3233824005474
-2308.5240303221854
-43.6548402313603
-43.023193151733395
-41.97720920318557
-40.52696178293432
-38.686417566422556
-36.47330200059909
-33.908928598174846
-31.017993676844252
-27.828338520245513
-24.370681251179544
-20.678320999295188
-16.786817212267508
-12.733647198877954
-8.557845202043582
-4.299626477719476
-2.6860219476737516e-15
4.299626477719471
8.557845202043577
12.733647198877946
-0.0
-0.0
-0.0
-0.0
-0.0
-0.0
-0.0
-0.0
-0.0
-0.0
-0.0
-0.0
-0.0
-0.0
-0.0
-0.0
-0.0
-0.0
-0.0
-0.0
-0.0
-0.0
-0.0
-0.0
-0.0
-0.0
-0.0
4.299626477719462
8.058065843021254e-15
-4.299626477719446
-8.557845202043582
-12.733647198877941
-16.78681721226752
-20.678320999295178
-24.370681251179526
-27.828338520245516
-31.017993676844245
-33.908928598174825
-36.47330200059909
-38.68641756642255
-40.526961782934315
-41.97720920318557
-43.023193151733395
-2319.2705146796507
-1958.7635011753466
-37.04077002087594
-36.50482271041
-35.61731400167682
-34.38679108870311
-32.82510457981307
-30.947294369791987
-28.771444797477837
-26.318510483692382
-23.61211452678766
-20.6783209992952
-17.545383936659423
-14.243475235431118
-10.804394081410022
-7.261260706102358
-3.6481974207860555
-2.2790673544450737e-15
3.6481974207860506
7.2612607061023535
10.804394081410017
14.243475235431115
-0.0
-0.0
-0.0
-0.0
-0.0
-0.0
-0.0
-0.0
-0.0
-0.0
-0.0
-0.0
-0.0
-0.0
-0.0
-0.0
-0.0
-0.0
-0.0
-0.0
-0.0
-0.0
-0.0
-0.0
-0.0
-0.0
3.6481974207860435
6.8372020633352214e-15
-3.64819742078603
-7.261260706102357
-10.804394081410011
-14.243475235431125
-17.545383936659416
-20.67832099929518
-23.612114526787664
-26.318510483692375
-28.771444797477823
-30.947294369791987
-32.825104579813065
-34.386791088703106
-35.61731400167682
-36.50482271040999
-1967.8818040601634
-1590.1390087431403
-30.069976946545943
-29.634890870819348
-28.91440459592753
-27.915456798555557
-26.647667892072537
-25.12324737669181
-23.356876255309515
-21.365565647421246
-19.16849296274206
-16.786817212267536
-14.243475235431134
-11.562960805801934
-8.771088742655515
-5.894746300152494
-2.961634228382892
-1.8501640967281435e-15
2.961634228382888
5.894746300152489
8.77108874265551
11.562960805801932
14.24347523543113
-0.0
-0.0
-0.0
-0.0
-0.0
-0.0
-0.0
-0.0
-0.0
-0.0
-0.0
-0.0
-0.0
-0.0
-0.0
-0.0
-0.0
-0.0
-0.0
-0.0
-0.0
-0.0
-0.0
-0.0
5.894746300152503
2.961634228382882
5.55049229018443e-15
-2.961634228382871
-5.894746300152493
-8.771088742655506
-11.56296080580194
-14.243475235431127
-16.786817212267522
-19.168492962742064
-21.36556564742124
-23.356876255309505
-25.12324737669181
-26.64766789207253
-27.91545679855555
-28.91440459592753
-29.634890870819344
-1597.541315913956
-1206.2006083983306
-22.809593556299173
-22.479558832063418
-21.93303366769803
-21.175281399296896
-20.213599595434243
-19.057249777590016
-17.71736822663517
-16.206858734359155
-14.540268332901077
-12.73364719887796
-10.804394081410024
-8.771088742655506
-6.653313024544382
-4.471462264936036
-2.2465488793664403
-1.4034427473571413e-15
2.246548879366437
4.471462264936033
6.653313024544379
8.771088742655504
10.80439408141002
12.733647198877954
-0.0
-0.0
-0.0
-0.0
-0.0
-0.0
-0.0
-0.0
-0.0
-0.0
-0.0
-0.0
-0.0
-0.0
-0.0
-0.0
-0.0
-0.0
-0.0
-0.0
-0.0
8.771088742655518
6.653313024544385
4.471462264936044
2.2465488793664328
4.2103282420714235e-15
-2.246548879366425
-4.471462264936036
-6.653313024544376
-8.77108874265551
-10.804394081410019
-12.733647198877952
-14.540268332901078
-16.20685873435915
-17.71736822663516
-19.057249777590016
-20.21359959543424
-21.175281399296892
-21.93303366769803
-22.479558832063415
-1211.8156315905774
-810.6458368183232
-15.329541311113113
-15.107736353177918
-14.740435635432844
-14.231176464576775
-13.584863284814436
-12.807720445377656
-11.907232256639707
-10.892070912115049
-9.772012970495094
-8.5578452020436
-7.261260706102369
-5.894746300152495
-4.471462264936042
-3.0051156037583415
-1.5098280365531567
-9.43205477129248e-16
1.5098280365531547
3.0051156037583397
4.471462264936039
5.894746300152494
7.261260706102367
8.557845202043595
9.772012970495092
10.892070912115047
11.907232256639707
-0.0
-0.0
-0.0
-0.0
-0.0
-0.0
-0.0
-0.0
-0.0
-0.0
-0.0
-0.0
-0.0
-0.0
-0.0
-0.0
8.557845202043598
7.26126070610237
5.894746300152503
4.471462264936044
3.005115603758347
1.5098280365531518
2.8296164313877435e-15
-1.5098280365531462
-3.005115603758341
-4.471462264936037
-5.894746300152498
-7.261260706102365
-8.557845202043593
-9.772012970495096
-10.892070912115045
-11.9072322566397
-12.807720445377656
-13.584863284814432
-14.231176464576773
-14.740435635432844
-15.107736353177916
-814.4195002891761
-407.2841026856607
-7.701857203121267
-7.590418114482472
-7.405879150056596
-7.150017520950319
-6.825297314520128
-6.434845763864066
-5.982423130857482
-5.4723864927755965
-4.909647781257527
-4.299626477719463
-3.648197420786042
-2.961634228382878
-2.246548879366432
-1.5098280365531491
-0.7585667243918989
-4.738846225480338e-16
0.7585667243918979
1.509828036553148
2.2465488793664306
2.961634228382877
3.6481974207860413
4.29962647771946
4.909647781257526
5.4723864927755965
5.982423130857482
6.434845763864067
6.825297314520127
-0.0
-0.0
-0.0
-0.0
-0.0
-0.0
-0.0
-0.0
-0.0
-0.0
-0.0
5.982423130857483
5.472386492775597
4.90964778125753
4.299626477719462
3.648197420786043
2.961634228382882
2.2465488793664328
1.5098280365531516
0.7585667243918964
1.4216538676441014e-15
-0.7585667243918937
-1.509828036553149
-2.2465488793664297
-2.9616342283828794
-3.6481974207860404
-4.2996264777194595
-4.909647781257528
-5.472386492775596
-5.9824231308574785
-6.434845763864066
-6.825297314520126
-7.150017520950318
-7.405879150056596
-7.590418114482471
-409.1800639930009
-7.633040063511813e-13
-1.443429395039372e-14
-1.4225442433083785e-14
-1.3879592128725394e-14
-1.340007376481053e-14
-1.2791505365315094e-14
-1.2059747776603552e-14
-1.1211848224274587e-14
-1.025597244452617e-14
-9.20132604365213e-15
-8.058065843021256e-15
-6.837202063335219e-15
-5.550492290184423e-15
-4.210328242071422e-15
-2.8296164313877387e-15
-1.4216538676441062e-15
-8.881221450921773e-31
1.4216538676441042e-15
2.8296164313877368e-15
4.2103282420714196e-15
5.550492290184421e-15
6.8372020633352175e-15
8.058065843021251e-15
9.201326043652128e-15
1.0255972444526168e-14
1.1211848224274587e-14
1.2059747776603554e-14
1.2791505365315093e-14
1.340007376481053e-14
1.3879592128725394e-14
-0.0
-0.0
-0.0
-0.0
-0.0
-0.0
-0.0
-0.0
1.2059747776603555e-14
1.1211848224274588e-14
1.0255972444526171e-14
9.201326043652136e-15
8.058065843021254e-15
6.837202063335221e-15
5.55049229018443e-15
4.2103282420714235e-15
2.8296164313877435e-15
1.4216538676441014e-15
2.6643664352765317e-30
-1.4216538676440963e-15
-2.8296164313877383e-15
-4.210328242071418e-15
-5.550492290184425e-15
-6.837202063335216e-15
-8.05806584302125e-15
-9.201326043652132e-15
-1.0255972444526166e-14
-1.121184822427458e-14
-1.2059747776603552e-14
-1.2791505365315091e-14
-1.3400073764810527e-14
-1.3879592128725394e-14
-1.4225442433083782e-14
-7.668572873465275e-13
407.28410268565915
7.7018572031212384
7.5904181144824445
7.405879150056569
7.150017520950293
6.825297314520102
6.434845763864042
5.98242313085746
5.472386492775577
4.909647781257508
4.299626477719447
3.648197420786029
2.961634228382867
2.2465488793664234
1.5098280365531436
0.7585667243918961
4.738846225480321e-16
-0.7585667243918951
-1.5098280365531425
-2.2465488793664226
-2.961634228382866
-3.648197420786028
-4.299626477719444
-4.909647781257507
-5.472386492775576
-5.98242313085746
-6.434845763864043
-6.825297314520102
-7.150017520950293
-7.405879150056569
-7.5904181144824445
-7.701857203121238
-0.0
-0.0
-0.0
-0.0
-7.150017520950294
-6.825297314520102
-6.434845763864044
-5.982423130857461
-5.472386492775578
-4.909647781257512
-4.299626477719446
-3.6481974207860297
-2.961634228382871
-2.2465488793664243
-1.5098280365531462
-0.7585667243918937
-1.4216538676440961e-15
0.7585667243918909
1.5098280365531433
2.2465488793664217
2.9616342283828683
3.648197420786027
4.2996264777194435
4.909647781257509
5.472386492775575
5.982423130857456
6.434845763864042
6.8252973145201015
7.150017520950291
7.405879150056569
7.590418114482444
409.18006399299935
810.6458368183218
15.329541311113084
15.10773635317789
14.740435635432817
14.23117646457675
13.58486328481441
12.807720445377633
11.907232256639684
10.89207091211503
9.772012970495076
8.557845202043584
7.261260706102355
5.894746300152485
4.471462264936034
3.005115603758336
1.509828036553154
9.432054771292462e-16
-1.509828036553152
-3.005115603758334
-4.471462264936031
-5.894746300152483
-7.2612607061023535
-8.557845202043579
-9.772012970495075
-10.892070912115027
-11.907232256639684
-12.807720445377635
-13.584863284814409
-14.23117646457675
-14.740435635432817
-15.10773635317789
-15.329541311113083
-15.40371440624256
-15.329541311113084
-15.10773635317789
-14.740435635432819
-14.231176464576752
-13.58486328481441
-12.807720445377637
-11.907232256639686
-10.892070912115031
-9.772012970495084
-8.557845202043582
-7.261260706102357
-5.894746300152493
-4.471462264936036
-3.005115603758341
-1.509828036553149
-2.8296164313877383e-15
1.5098280365531433
3.0051156037583358
4.471462264936029
5.894746300152487
7.261260706102352
8.557845202043577
9.772012970495078
10.892070912115026
11.907232256639677
12.807720445377633
13.584863284814407
14.231176464576746
14.740435635432817
15.107736353177888
814.4195002891746
1206.200608398329
22.80959355629914
22.479558832063386
21.933033667698
21.175281399296868
20.213599595434214
19.05724977758999
17.717368226635145
16.206858734359134
14.540268332901055
12.733647198877943
10.804394081410008
8.771088742655493
6.6533130245443735
4.471462264936029
2.246548879366437
1.4034427473571393e-15
-2.246548879366434
-4.471462264936027
-6.653313024544369
-8.771088742655492
-10.804394081410006
-12.733647198877936
-14.540268332901054
-16.20685873435913
-17.717368226635145
-19.057249777589995
-20.213599595434214
-21.175281399296868
-21.933033667698
-22.479558832063386
-22.809593556299138
-22.91995942559554
-22.80959355629914
-22.479558832063386
-21.933033667698002
-21.17528139929687
-20.213599595434214
-19.057249777589995
-17.71736822663515
-16.206858734359137
-14.540268332901066
-12.733647198877941
-10.804394081410011
-8.771088742655506
-6.653313024544375
-4.471462264936037
-2.2465488793664297
-4.210328242071417e-15
2.2465488793664217
4.4714622649360285
6.653313024544366
8.771088742655499
10.804394081410003
12.733647198877934
14.540268332901059
16.20685873435913
17.717368226635134
19.05724977758999
20.21359959543421
21.17528139929686
21.933033667698
22.479558832063383
1211.8156315905758
1590.139008743139
30.069976946545914
29.63489087081932
28.9144045959275
27.91545679855553
26.647667892072512
25.123247376691786
23.356876255309494
21.365565647421224
19.168492962742043
16.78681721226752
14.24347523543112
11.562960805801923
8.771088742655506
5.894746300152487
2.9616342283828887
1.8501640967281415e-15
-2.961634228382885
-5.894746300152484
-8.7710887426555
-11.56296080580192
-14.243475235431116
-16.786817212267508
-19.16849296274204
-21.36556564742122
-23.356876255309494
-25.12324737669179
-26.64766789207251
-27.91545679855553
-28.9144045959275
-29.63489087081932
-30.06997694654591
-30.21547270635579
-30.069976946545914
-29.63489087081932
-28.914404595927504
-27.915456798555535
-26.647667892072512
-25.123247376691793
-23.356876255309498
-21.365565647421228
-19.168492962742057
-16.786817212267515
-14.243475235431124
-11.56296080580194
-8.77108874265551
-5.894746300152498
-2.9616342283828794
-5.550492290184424e-15
2.9616342283828683
5.8947463001524865
8.771088742655497
11.562960805801929
14.243475235431113
16.786817212267504
19.168492962742047
21.365565647421217
23.35687625530948
25.123247376691786
26.647667892072505
27.915456798555525
28.9144045959275
29.634890870819316
1597.5413159139546
1958.7635011753453
37.04077002087591
36.50482271040997
35.61731400167679
34.386791088703085
32.82510457981305
30.947294369791962
28.771444797477816
26.31851048369236
23.612114526787643
20.678320999295185
17.54538393665941
14.243475235431108
10.804394081410013
7.261260706102353
3.648197420786053
2.279067354445072e-15
-3.648197420786048
-7.261260706102347
-10.804394081410008
-14.243475235431104
-17.545383936659405
-20.67832099929517
-23.61211452678764
-26.318510483692357
-28.771444797477816
-30.947294369791965
-32.82510457981304
-34.386791088703085
-35.61731400167679
-36.50482271040997
-37.040770020875904
-37.21999446749622
-37.04077002087591
-36.50482271040997
-35.617314001676796
-34.38679108870309
-32.82510457981305
-30.94729436979197
-28.77144479747782
-26.318510483692364
-23.61211452678766
-20.67832099929518
-17.545383936659416
-14.243475235431127
-10.804394081410019
-7.261260706102365
-3.648197420786041
-6.837202063335216e-15
3.6481974207860275
7.261260706102352
10.804394081410004
14.243475235431115
17.5453839366594
20.678320999295167
23.612114526787646
26.318510483692354
28.7714447974778
30.947294369791962
32.825104579813036
34.38679108870308
35.61731400167679
36.50482271040996
1967.881804060162
2308.524030322184
43.654840231360275
43.02319315173337
41.977209203185545
40.5269617829343
38.686417566422534
36.47330200059907
33.908928598174825
31.017993676844235
27.82833852024549
24.37068125117953
20.678320999295174
16.786817212267497
12.733647198877945
8.557845202043577
4.299626477719474
2.68602194767375e-15
-4.2996264777194675
-8.557845202043572
-12.733647198877938
-16.786817212267493
-20.67832099929517
-24.370681251179516
-27.828338520245488
-31.017993676844227
-33.908928598174825
-36.47330200059908
-38.68641756642253
-40.5269617829343
-41.977209203185545
-43.02319315173337
-43.65484023136027
-43.86606733539602
-43.654840231360275
-43.02319315173337
-41.97720920318555
-40.5269617829343
-38.686417566422534
-36.47330200059908
-33.90892859817483
-31.017993676844238
-27.828338520245513
-24.370681251179526
-20.67832099929518
-16.786817212267522
-12.73364719887795
-8.557845202043593
-4.2996264777194595
-8.05806584302125e-15
4.2996264777194435
8.557845202043577
12.733647198877934
16.786817212267504
20.678320999295167
24.370681251179512
27.8283385202455
31.017993676844224
33.9089285981748
36.47330200059907
38.68641756642253
40.526961782934286
41.977209203185545
43.023193151733366
2319.2705146796493
2636.05221108942
49.84849046625355
49.127226724135916
47.93284093299094
46.27683568090505
44.17515920372038
41.64805179480545
38.71985087996554
35.418756634728005
31.776560401236157
27.82833852024552
23.612114526787657
19.16849296274204
14.540268332901073
9.772012970495078
4.909647781257544
3.0671086812173773e-15
-4.909647781257537
-9.772012970495071
-14.540268332901064
-19.168492962742032
-23.612114526787654
-27.828338520245506
-31.776560401236154
-35.418756634728
-38.71985087996554
-41.648051794805454
-44.175159203720376
-46.27683568090505
-47.93284093299094
-49.127226724135916
-49.848490466253544
-50.089685995224386
-49.84849046625355
-49.127226724135916
-47.93284093299095
-46.27683568090506
-44.17515920372038
-41.64805179480546
-38.71985087996555
-35.41875663472801
-31.77656040123618
-27.828338520245516
-23.612114526787664
-19.168492962742064
-14.540268332901078
-9.772012970495096
-4.909647781257528
-9.201326043652132e-15
4.909647781257509
9.772012970495078
14.540268332901059
19.168492962742047
23.612114526787646
27.8283385202455
31.776560401236164
35.418756634728
38.71985087996552
41.64805179480545
44.17515920372037
46.27683568090504
47.93284093299094
49.12722672413591
2648.323382400546
2938.193768051142
55.56207248799998
54.75813824751106
53.426853201855366
51.581038353776975
49.23846990928792
46.4217080830868
43.157879831358585
39.478417604357425
35.41875663472799
31.017993676844252
26.318510483692368
21.36556564742121
16.206858734359145
10.892070912115027
5.472386492775613
3.4186574815087224e-15
-5.472386492775606
-10.892070912115019
-16.206858734359137
-21.365565647421203
-26.31851048369236
-31.017993676844235
-35.418756634727984
-39.47841760435742
-43.157879831358585
-46.421708083086806
-49.238469909287915
-51.581038353776975
-53.426853201855366
-54.75813824751106
-55.56207248799997
-55.83091359711102
-55.56207248799998
-54.75813824751106
-53.426853201855366
-51.581038353776975
-49.23846990928792
-46.42170808308681
-43.15787983135859
-39.47841760435743
-35.41875663472801
-31.017993676844245
-26.31851048369237
-21.36556564742124
-16.20685873435915
-10.892070912115045
-5.472386492775596
-1.0255972444526166e-14
5.472386492775575
10.892070912115026
16.20685873435913
21.36556564742122
26.318510483692354
31.017993676844227
35.418756634728
39.47841760435741
43.157879831358564
46.4217080830868
49.23846990928791
51.58103835377696
53.426853201855366
54.758138247511056
2951.871448228098
3212.038912846436
60.74056137836853
59.86169896571942
58.40633566829709
56.38848743023823
53.82758723314339
50.74829794584105
47.18027480747868
43.15787983135857
38.71985087996551
33.90892859817483
28.771444797477812
23.356876255309473
17.717368226635152
11.907232256639679
5.982423130857498
3.7372827414248604e-15
-5.982423130857491
-11.90723225663967
-17.71736822663514
-23.356876255309466
-28.771444797477805
-33.90892859817481
-38.719850879965506
-43.157879831358564
-47.18027480747868
-50.74829794584106
-53.82758723314338
-56.38848743023823
-58.40633566829709
-59.86169896571942
-60.740561378368525
-61.034458980775554
-60.74056137836853
-59.86169896571942
-58.406335668297096
-56.38848743023823
-53.82758723314339
-50.74829794584107
-47.18027480747869
-43.15787983135858
-38.719850879965534
-33.908928598174825
-28.77144479747782
-23.3568762553095
-17.71736822663516
-11.907232256639698
-5.9824231308574785
-1.121184822427458e-14
5.982423130857456
11.907232256639677
17.717368226635134
23.356876255309484
28.7714447974778
33.9089285981748
38.71985087996552
43.15787983135856
47.18027480747866
50.74829794584105
53.827587233143376
56.388487430238214
58.40633566829709
59.86169896571941
3226.9913783521374
3454.9503670319427
65.33408545849507
64.38875879915462
62.82333319410233
60.652884547663554
57.89831546679141
54.586153957535316
50.74829794584108
46.42170808308681
41.64805179480544
36.4733020005991
30.947294369791976
25.123247376691776
19.05724977759001
12.807720445377633
6.434845763864088
4.019915925534518e-15
-6.434845763864079
-12.807720445377624
-19.05724977759
-25.12324737669177
-30.94729436979197
-36.47330200059908
-41.64805179480543
-46.421708083086806
-50.74829794584108
-54.58615395753532
-57.8983154667914
-60.652884547663554
-62.82333319410233
-64.38875879915462
-65.33408545849505
-65.6502091596261
-65.33408545849507
-64.38875879915462
-62.82333319410234
-60.65288454766356
-57.89831546679141
-54.58615395753533
-50.74829794584109
-46.42170808308682
-41.648051794805475
-36.47330200059909
-30.947294369791983
-25.123247376691808
-19.057249777590016
-12.807720445377656
-6.434845763864066
-1.2059747776603552e-14
6.434845763864042
12.807720445377631
19.05724977758999
25.123247376691786
30.947294369791962
36.47330200059907
41.64805179480545
46.4217080830868
50.74829794584105
54.586153957535316
57.898315466791395
60.65288454766354
62.82333319410233
64.3887587991546
3471.03361744972
3664.588760514942
69.29840658041213
68.29571968687792
66.63530767852103
64.33316123065546
61.411451272055444
57.898315466791395
53.82758723314341
49.23846990928792
44.17515920372036
38.686417566422556
32.82510457981305
26.647667892072494
20.213599595434232
13.584863284814407
6.8252973145201485
4.263835121771697e-15
-6.82529731452014
-13.584863284814398
-20.213599595434218
-26.647667892072487
-32.82510457981304
-38.686417566422534
-44.175159203720355
-49.238469909287915
-53.82758723314341
-57.8983154667914
-61.41145127205544
-64.33316123065546
-66.63530767852103
-68.29571968687792
-69.29840658041212
-69.63371193621451
-69.29840658041213
-68.29571968687792
-66.63530767852104
-64.33316123065548
-61.411451272055444
-57.89831546679141
-53.82758723314342
-49.23846990928793
-44.1751592037204
-38.68641756642255
-32.825104579813065
-26.64766789207253
-20.21359959543424
-13.58486328481443
-6.825297314520126
-1.2791505365315091e-14
6.8252973145201015
13.584863284814405
20.21359959543421
26.647667892072505
32.825104579813036
38.68641756642253
44.17515920372037
49.23846990928791
53.827587233143376
57.898315466791395
61.41145127205543
64.33316123065545
66.63530767852103
68.29571968687792
3681.6479053512735
3838.935160966192
72.5953461645974
71.54495545977856
69.80554772343108
67.39387440291293
64.33316123065548
60.65288454766355
56.38848743023825
51.581038353776975
46.27683568090504
40.52696178293433
34.3867910887031
27.915456798555518
21.175281399296885
14.231176464576748
7.150017520950342
4.466691254936843e-15
-7.150017520950332
-14.23117646457674
-21.17528139929687
-27.915456798555507
-34.38679108870309
-40.5269617829343
-46.27683568090503
-51.58103835377697
-56.38848743023825
-60.652884547663554
-64.33316123065546
-67.39387440291293
-69.80554772343108
-71.54495545977856
-72.59534616459739
-72.94660400119818
-72.5953461645974
-71.54495545977856
-69.80554772343109
-67.39387440291294
-64.33316123065548
-60.65288454766356
-56.38848743023826
-51.58103835377699
-46.27683568090507
-40.52696178293432
-34.386791088703106
-27.915456798555553
-21.175281399296892
-14.231176464576773
-7.1500175209503185
-1.3400073764810528e-14
7.150017520950292
14.231176464576746
21.175281399296864
27.915456798555528
34.386791088703085
40.52696178293429
46.276835680905045
51.58103835377696
56.38848743023822
60.65288454766355
64.33316123065546
67.39387440291291
69.80554772343108
71.54495545977856
3856.805911330827
3976.3105172419114
75.19315288056464
74.10517420115056
72.30352218417048
69.80554772343109
66.63530767852106
62.82333319410234
58.406335668297125
53.42685320185538
47.932840932990935
41.97720920318558
35.61731400167681
28.914404595927493
21.933033667698023
14.74043563543282
7.405879150056621
4.626530709575132e-15
-7.405879150056611
-14.74043563543281
-21.93303366769801
-28.914404595927486
-35.617314001676796
-41.97720920318556
-47.93284093299093
-53.42685320185537
-58.406335668297125
-62.82333319410235
-66.63530767852104
-69.80554772343109
-72.30352218417048
-74.10517420115056
-75.19315288056463
-75.5569803929803
-75.19315288056464
-74.10517420115056
-72.30352218417049
-69.8055477234311
-66.63530767852106
-62.823333194102354
-58.40633566829713
-53.42685320185539
-47.93284093299097
-41.97720920318557
-35.61731400167682
-28.914404595927532
-21.93303366769803
-14.740435635432846
-7.405879150056597
-1.3879592128725396e-14
7.4058791500565695
14.740435635432817
21.933033667698002
28.914404595927504
35.61731400167679
41.97720920318555
47.93284093299095
53.426853201855366
58.40633566829709
62.82333319410234
66.63530767852103
69.80554772343108
72.30352218417048
74.10517420115055
3994.8207680396918
4075.391829564154
77.06680842953344
75.95171960495652
74.10517420115055
71.54495545977858
68.29571968687793
64.3887587991546
59.86169896571945
54.75813824751107
49.1272267241359
43.0231931517334
36.504822710409975
29.634890870819305
22.479558832063404
15.10773635317789
7.590418114482496
4.741814144361261e-15
-7.590418114482486
-15.107736353177879
-22.479558832063393
-29.634890870819294
-36.50482271040997
-43.02319315173337
-49.12722672413589
-54.75813824751106
-59.86169896571945
-64.38875879915462
-68.29571968687792
-71.54495545977858
-74.10517420115055
-75.95171960495652
-77.06680842953342
-77.43970175993105
-77.06680842953344
-75.95171960495652
-74.10517420115056
-71.54495545977858
-68.29571968687793
-64.38875879915462
-59.861698965719455
-54.75813824751108
-49.12722672413593
-43.023193151733395
-36.50482271040999
-29.634890870819344
-22.479558832063415
-15.107736353177915
-7.590418114482471
-1.4225442433083782e-14
7.590418114482444
15.107736353177888
22.479558832063383
29.634890870819316
36.50482271040996
43.023193151733366
49.12722672413591
54.758138247511056
59.86169896571941
64.3887587991546
68.29571968687792
71.54495545977855
74.10517420115055
75.95171960495651
4094.363316961165
8231.224890731903
4154.474908933642
4094.3633169611653
3994.8207680396918
3856.8059113308277
3681.6479053512744
3471.03361744972
3226.9913783521392
2951.871448228099
2648.3233824005456
2319.270514679651
1967.881804060163
1597.541315913954
1211.815631590577
814.4195002891747
409.1800639930022
2.5561909578217583e-13
-409.1800639930017
-814.4195002891742
-1211.8156315905762
-1597.5413159139534
-1967.8818040601625
-2319.2705146796498
-2648.323382400545
-2951.8714482280984
-3226.9913783521392
-3471.0336174497206
-3681.647905351274
-3856.8059113308277
-3994.8207680396918
-4094.3633169611653
-4154.474908933641
-4174.576636466087
-4154.474908933642
-4094.3633169611653
-3994.8207680396927
-3856.805911330828
-3681.6479053512744
-3471.033617449721
-3226.9913783521397
-2951.8714482280993
-2648.3233824005474
-2319.2705146796507
-1967.8818040601634
-1597.541315913956
-1211.8156315905774
-814.4195002891761
-409.1800639930009
-7.668572873465275e-13
409.18006399299935
814.4195002891746
1211.8156315905758
1597.5413159139546
1967.881804060162
2319.2705146796493
2648.323382400546
2951.871448228098
3226.9913783521374
3471.03361744972
3681.6479053512735
3856.805911330827
3994.8207680396918
4094.363316961165
8230.75154938296
